0.00 0.00 0.00 0.00 0.00 0.00 0.00
-0.13 -0.08 -0.03 0.03 0.02 -12.02 0.00
0.44 -0.89 0.07 0.01 0.02 0.00 0.00
0.00 0.00 0.00 0.00 0.00 0.00 0.00
0.02 -0.31 -0.00 0.04 0.02 -9.38 0.00
-0.15 -0.13 -0.02 0.02 0.02 -9.38 0.00
-0.15 -0.13 -0.02 0.02 0.02 -9.38 0.00
-0.15 -0.12 -0.02 0.02 0.02 -9.37 0.00
-0.14 -0.11 -0.02 0.02 0.02 -9.37 0.00
-0.14 -0.10 -0.02 0.02 0.02 -9.37 0.00
-0.16 -0.09 -0.02 0.02 0.02 -9.36 0.00
-0.15 -0.08 -0.02 0.02 0.02 -9.36 0.00
-0.14 -0.08 -0.02 0.02 0.02 -9.37 0.00
-0.14 -0.08 -0.02 0.02 0.02 -9.37 0.00
0.08 -9.90 1.73 -0.34 -0.68 -0.02 0.00
0.09 -8.91 1.93 0.71 -0.75 -0.14 0.00
0.10 -10.01 0.25 -0.22 -0.77 -0.06 0.00
0.12 -10.09 -0.70 -2.80 -0.75 0.00 0.00
0.10 -8.96 -0.74 -2.18 -0.82 0.16 0.00
0.09 -8.09 -0.68 1.01 -0.78 0.11 0.00
0.08 -9.51 1.09 -1.36 -0.71 -0.03 0.00
0.10 -9.06 0.36 -1.14 -0.75 0.01 0.00
0.12 -9.90 -0.94 -0.62 -0.77 0.06 0.00
0.12 -12.33 -1.01 -1.43 -0.80 0.06 0.00
0.03 -9.80 0.95 0.03 -0.25 0.10 0.00
0.04 -8.52 0.01 -1.25 -0.22 -0.02 0.00
0.05 -10.15 -0.44 -0.97 -0.25 0.12 0.00
0.04 -10.76 0.32 -0.89 -0.24 -0.13 0.00
0.05 -7.70 -0.09 0.33 -0.23 -0.10 0.00
0.06 -9.58 0.20 -2.31 -0.19 0.01 0.00
0.05 -8.14 0.55 -0.34 -0.26 0.02 0.00
0.04 -9.70 -0.08 -1.57 -0.25 0.06 0.00
0.04 -7.58 -0.00 -1.75 -0.25 -0.04 0.00
0.03 -11.00 1.03 -1.92 -0.28 0.20 0.00
0.18 -11.28 -0.21 -2.00 -1.69 0.16 0.00
0.17 -8.82 0.64 -0.99 -1.67 -0.03 0.00
0.18 -8.26 1.02 -2.43 -1.71 0.03 0.00
0.20 -10.13 -1.00 -1.68 -1.78 0.11 0.00
0.20 -11.34 -1.17 -1.48 -1.75 -0.02 0.00
0.19 -9.44 -0.20 -2.15 -1.77 -0.14 0.00
0.19 -6.13 -1.29 -2.92 -1.81 -0.02 0.00
0.20 -11.45 -0.67 -3.66 -1.84 0.15 0.00
0.18 -8.54 -0.09 -0.60 -1.79 -0.08 0.00
0.20 -9.16 -1.12 -2.99 -1.75 0.05 0.00
0.16 -9.06 -0.82 3.35 -1.51 0.05 0.00
0.16 -8.82 -0.48 2.94 -1.56 0.03 0.00
0.16 -9.40 0.10 3.02 -1.62 0.04 0.00
0.16 -9.10 0.42 3.77 -1.65 0.00 0.00
0.17 -9.39 0.35 3.44 -1.67 -0.00 0.00
0.17 -9.56 0.06 2.66 -1.71 0.01 0.00
0.17 -9.08 0.20 2.30 -1.74 0.04 0.00
0.17 -9.04 0.18 2.48 -1.78 0.03 0.00
0.18 -9.18 -0.10 2.64 -1.79 0.03 0.00
0.18 -9.84 0.24 1.78 -1.79 0.03 0.00
0.38 1.77 0.03 -0.15 -8.94 -0.88 0.00
0.05 1.79 0.00 -0.14 -9.50 -0.91 0.00
-0.66 1.75 0.02 -0.15 -10.13 -0.97 0.00
0.03 1.74 0.02 -0.15 -9.60 -1.17 0.00
0.42 1.79 -0.05 -0.15 -7.48 -1.53 0.00
-0.45 1.80 -0.02 -0.15 -8.96 -1.70 0.00
-0.96 1.76 0.04 -0.15 -10.60 -1.72 0.00
-0.68 1.80 -0.07 -0.15 -8.55 -1.51 0.00
-1.02 1.87 -0.11 -0.16 -7.60 -1.38 0.00
-0.93 1.88 -0.01 -0.16 -9.36 -1.70 0.00
1.36 0.20 -0.13 -13.97 -0.45 1.18 0.00
1.36 0.13 -0.12 -8.60 -0.33 2.70 0.00
1.51 -0.17 -0.12 -6.90 0.56 -0.87 0.00
1.42 0.04 -0.12 -9.79 -0.22 0.88 0.00
1.32 0.14 -0.12 -11.23 -0.59 0.92 0.00
1.39 -0.09 -0.12 -8.67 0.64 0.73 0.00
1.36 -0.12 -0.12 -9.85 0.69 0.94 0.00
1.31 0.02 -0.11 -9.82 -0.92 0.77 0.00
1.36 0.00 -0.10 -6.71 -1.02 -0.73 0.00
1.35 -0.04 -0.11 -11.07 -1.16 -0.44 0.00
-0.23 0.06 -0.39 0.03 -9.67 0.11 0.00
-0.96 0.05 -0.39 0.03 -10.77 0.25 0.00
-0.51 0.02 -0.22 0.02 -7.92 -0.28 0.00
0.92 0.06 -0.33 0.03 -7.79 -0.06 0.00
-0.44 0.06 -0.28 0.03 -10.26 -0.15 0.00
0.21 0.00 -0.32 0.02 -9.25 -0.31 0.00
0.73 0.06 -0.42 0.02 -10.30 0.30 0.00
-1.23 0.03 -0.33 0.02 -8.70 0.06 0.00
0.25 -0.00 -0.28 0.01 -9.22 0.04 0.00
0.63 0.03 -0.28 0.01 -8.22 0.46 0.00
4.15 1.27 0.20 2.14 0.98 10.54 1.00
4.44 1.12 0.36 2.11 -0.53 10.75 1.00
6.25 0.84 0.52 2.07 -1.51 9.83 1.00
7.92 0.64 0.48 2.05 -0.58 8.58 1.00
8.58 0.34 0.39 2.00 -0.23 9.38 1.00
6.91 0.05 0.44 1.97 -3.00 10.01 1.00
6.98 -0.16 0.54 1.95 -3.05 8.59 1.00
6.95 -0.24 0.48 1.94 1.01 6.51 1.00
5.15 -0.38 0.58 1.91 1.80 6.25 1.00
2.88 -0.52 0.77 1.88 1.15 6.41 1.00
2.90 -16.60 14.55 -4.92 -1.19 0.14 1.00
2.88 -16.73 15.03 -5.01 -1.20 0.14 1.00
2.87 -16.60 15.46 -4.90 -1.24 0.12 1.00
2.83 -16.70 16.40 -4.97 -1.29 0.10 1.00
2.79 -17.08 17.70 -5.07 -1.37 0.09 1.00
2.75 -17.06 19.49 -5.07 -1.46 0.09 1.00
2.72 -16.36 21.00 -4.31 -1.59 0.10 1.00
2.69 -16.21 21.82 -3.77 -1.69 0.09 1.00
2.68 -15.59 22.47 -3.37 -1.86 0.03 1.00
2.66 -14.07 22.60 -3.98 -2.07 -0.02 1.00
0.03 0.07 1.26 -7.87 1.92 -0.21 1.00
0.04 0.08 1.27 -8.15 2.10 0.02 0.00
0.06 0.09 1.27 -8.18 2.33 0.21 0.00
0.07 0.10 1.28 -8.68 2.49 0.54 1.00
0.08 0.12 1.28 -8.89 2.61 0.78 1.00
0.09 0.08 1.29 -8.63 2.69 0.63 1.00
0.09 0.06 1.30 -8.39 2.76 0.58 1.00
0.07 0.06 1.31 -8.43 2.65 0.70 1.00
0.05 0.05 1.31 -8.14 2.60 0.47 1.00
0.04 0.03 1.32 -7.88 2.46 0.57 1.00
7.70 -0.22 0.62 0.38 -2.45 -0.85 1.00
7.95 -0.22 0.62 0.38 -2.69 -0.90 1.00
8.19 -0.22 0.63 0.38 -3.03 -1.05 1.00
8.31 -0.20 0.59 0.38 -2.88 -1.14 1.00
8.04 -0.19 0.56 0.37 -3.15 -1.14 1.00
7.73 -0.19 0.55 0.36 -3.52 -1.23 1.00
7.67 -0.18 0.53 0.35 -3.26 -0.98 1.00
7.44 -0.18 0.49 0.34 -3.46 -0.79 1.00
7.41 -0.17 0.49 0.33 -4.08 -0.51 1.00
7.26 -0.16 0.47 0.33 -4.08 -0.64 1.00
0.04 0.02 -9.40 0.23 0.63 -0.06 0.00
0.03 0.02 -9.37 0.18 0.49 -0.07 1.00
0.02 0.02 -9.34 0.11 0.24 -0.08 1.00
0.01 0.02 -9.33 0.05 0.08 -0.09 1.00
0.02 0.02 -9.35 0.01 -0.02 -0.08 1.00
0.02 0.02 -9.35 -0.02 -0.22 -0.08 1.00
0.02 0.02 -9.31 -0.05 -0.38 -0.07 0.00
0.02 0.02 -9.29 -0.08 -0.42 -0.06 1.00
0.02 0.02 -9.33 -0.10 -0.43 -0.05 1.00
0.03 0.02 -9.36 -0.10 -0.37 -0.04 1.00
-9.37 -0.19 -0.09 -0.02 0.02 0.02 0.00
-9.37 -0.18 -0.11 -0.02 0.02 0.02 1.00
-9.38 -0.19 -0.11 -0.02 0.02 0.02 1.00
-9.38 -0.17 -0.11 -0.02 0.02 0.02 1.00
-9.36 -0.17 -0.09 -0.02 0.02 0.02 1.00
-9.36 -0.19 -0.10 -0.02 0.02 0.02 1.00
-9.35 -0.18 -0.08 -0.02 0.02 0.02 1.00
-9.33 -0.18 -0.08 -0.02 0.02 0.02 1.00
-9.34 -0.20 -0.08 -0.02 0.02 0.02 1.00
-9.34 -0.20 -0.09 -0.02 0.02 0.02 1.00
0.07 0.11 0.02 -10.09 0.65 1.48 0.00
0.11 -0.03 0.02 -9.19 0.37 1.13 0.00
0.09 0.00 0.03 -9.15 -0.08 0.73 0.00
0.04 0.09 0.03 -9.55 -0.20 0.98 0.00
0.01 0.08 0.02 -9.28 -0.09 1.68 0.00
-0.01 -0.03 0.02 -8.76 -0.12 1.44 0.00
-0.03 -0.07 0.02 -8.15 -0.31 0.15 0.00
-0.08 -0.06 0.01 -9.13 -0.47 -1.37 0.00
-0.12 0.02 0.01 -10.13 -0.40 -1.18 0.00
-0.10 0.01 0.00 -9.97 -0.07 -0.31 0.00
0.24 -0.09 -12.06 0.02 -1.19 -1.06 0.00
0.25 -0.08 -11.88 0.00 -1.17 -1.03 0.00
0.25 -0.08 -11.71 0.12 -1.26 -1.01 0.00
0.28 -0.08 -11.66 0.11 -1.10 -1.00 0.00
0.28 -0.07 -11.95 -0.25 -1.10 -0.98 0.00
0.26 -0.07 -11.35 -0.19 -1.24 -0.97 0.00
0.24 -0.07 -11.56 -0.31 -1.28 -0.97 0.00
0.28 -0.07 -11.45 -0.20 -0.80 -0.97 0.00
0.27 -0.07 -11.52 -0.06 -0.97 -0.96 0.00
0.26 -0.07 -11.26 0.04 -0.82 -0.98 0.00
-0.15 -0.11 -1.74 -0.46 0.24 -9.44 0.00
0.11 -0.09 -0.08 0.03 0.02 -9.45 0.00
0.09 -0.13 -0.08 0.03 0.02 -9.48 0.00
0.05 -0.16 -0.08 0.02 0.01 -9.40 0.00
-0.03 -0.24 -0.08 0.02 0.01 -9.35 0.00
-0.04 -0.35 -0.07 0.02 0.01 -9.47 0.00
-0.01 -0.45 -0.07 0.02 0.01 -9.47 0.00
-0.01 -0.45 -0.06 0.02 0.01 -9.40 0.00
-0.00 -0.44 -0.06 0.02 0.01 -9.44 0.00
-0.02 -0.43 -0.05 0.02 0.02 -9.55 0.00
-0.43 0.50 0.12 0.20 0.01 -9.21 0.00
-0.43 0.51 0.12 0.21 0.01 -9.27 1.00
-0.41 0.50 0.12 0.21 0.01 -9.32 1.00
-0.40 0.51 0.13 0.21 0.01 -9.28 1.00
-0.37 0.52 0.13 0.21 0.01 -9.25 1.00
-0.36 0.50 0.13 0.22 0.01 -9.26 1.00
-0.34 0.47 0.13 0.23 0.01 -9.21 1.00
-0.33 0.53 0.13 0.23 0.00 -9.17 1.00
-0.30 0.57 0.13 0.24 0.00 -9.30 1.00
-0.23 0.57 0.13 0.24 0.00 -9.53 1.00
-2.53 0.13 -0.53 2.95 -6.32 -1.63 1.00
-2.93 0.17 -0.55 2.95 -6.37 -1.81 1.00
-2.90 0.23 -0.54 2.95 -6.18 -1.82 1.00
-2.46 0.30 -0.54 2.95 -6.21 -1.66 1.00
-2.18 0.38 -0.55 2.95 -6.18 -1.50 1.00
-2.14 0.44 -0.56 2.96 -6.08 -1.13 1.00
-2.05 0.48 -0.55 2.96 -5.86 -0.44 1.00
-1.84 0.53 -0.54 2.96 -5.60 0.47 1.00
0.00 0.00 0.00 0.00 0.00 0.00 0.00
0.00 0.00 0.00 0.00 0.00 0.00 0.00
-0.20 -0.08 -0.02 0.03 0.02 -9.16 0.00
-0.70 -0.69 -0.08 0.01 0.01 -9.38 0.00
-0.17 -0.31 -0.02 0.02 0.02 -9.38 0.00
-0.17 -0.30 -0.02 0.02 0.02 -9.38 0.00
-0.18 -0.30 -0.02 0.02 0.02 -9.38 0.00
-0.18 -0.30 -0.02 0.02 0.02 -9.37 0.00
-0.18 -0.29 -0.02 0.02 0.02 -9.38 0.00
-0.18 -0.30 -0.02 0.02 0.02 -9.37 0.00
-0.17 -0.28 -0.02 0.02 0.02 -9.38 0.00
-0.16 -0.27 -0.02 0.02 0.02 -9.37 0.00
0.28 -0.01 0.03 0.01 -9.31 -0.41 0.00
0.20 -0.02 0.03 0.01 -9.33 -0.41 0.00
0.18 -0.02 0.03 0.01 -9.34 -0.43 0.00
0.15 -0.02 0.03 0.01 -9.33 -0.46 0.00
0.07 -0.03 0.03 0.01 -9.32 -0.51 0.00
-0.02 -0.03 0.03 0.01 -9.32 -0.57 0.00
-0.04 -0.03 0.03 0.01 -9.33 -0.59 0.00
-0.02 -0.02 0.03 0.01 -9.33 -0.60 0.00
-0.00 -0.02 0.03 0.01 -9.32 -0.63 0.00
-0.05 -0.02 0.03 0.01 -9.32 -0.68 0.00
-0.07 -0.08 0.01 -4.89 -1.06 -2.41 0.00
-0.01 -0.02 -0.01 -2.49 -1.28 -1.49 0.00
0.03 0.03 -0.03 -5.99 -0.79 -1.41 0.00
0.05 0.24 -0.02 -7.51 -0.70 -1.33 0.00
0.06 0.13 -0.01 -10.03 1.30 0.66 0.00
0.06 0.32 -0.01 -13.90 1.86 2.36 0.00
0.09 0.36 0.02 -13.38 3.31 2.72 0.00
0.09 0.17 0.05 -24.46 3.98 1.48 0.00
-0.07 0.53 0.13 -23.72 -1.27 7.30 0.00
0.04 -0.01 0.19 -16.06 -3.70 2.24 0.00
-11.05 0.17 -0.11 0.09 -0.00 0.05 0.00
-7.87 0.99 1.95 0.04 0.18 0.05 0.00
-5.17 0.07 2.43 -0.04 -0.02 0.05 0.00
-7.73 -1.49 1.62 -0.10 -0.01 0.05 0.00
-12.67 -2.20 -0.15 -0.13 -0.20 0.03 0.00
-7.85 -2.74 1.68 -0.15 -0.22 0.01 0.00
-7.83 -1.93 1.16 -0.13 -0.12 -0.00 0.00
-8.51 -0.25 0.22 -0.08 -0.04 -0.02 0.00
-4.11 -0.42 1.72 -0.07 -0.06 -0.05 0.00
-4.08 -0.66 1.53 -0.06 -0.04 -0.05 0.00
0.20 0.13 -10.09 -0.62 3.45 0.24 0.00
-0.07 0.10 -9.50 -2.63 -0.19 0.15 0.00
0.01 0.08 -9.15 -2.85 0.69 0.09 0.00
0.12 0.08 -4.44 -2.26 1.71 0.13 0.00
0.02 0.04 -6.69 -0.61 1.85 0.07 0.00
0.10 0.03 -7.22 -1.81 1.59 0.10 0.00
-0.09 0.02 -5.89 -0.85 -1.79 0.11 0.00
-0.04 0.02 -7.19 -0.30 -1.99 0.01 0.00
0.22 0.01 -12.27 -0.24 0.97 -0.03 0.00
0.26 0.00 -12.11 0.63 -0.27 0.05 0.00
0.35 0.22 -0.14 0.05 -6.76 -0.90 0.00
1.72 0.23 -0.19 0.05 -6.67 -0.74 0.00
-0.77 0.24 -0.42 0.02 -3.98 -1.37 0.00
0.14 0.20 -0.40 0.01 -6.25 -0.68 0.00
-2.40 0.24 -0.22 -0.01 -3.52 -2.75 0.00
-1.74 0.24 -0.30 -0.05 -10.91 -1.34 0.00
-1.85 0.17 -0.14 -0.08 -10.36 -0.72 0.00
-0.35 0.23 -0.44 -0.09 -8.35 3.65 0.00
-3.80 0.29 -0.25 -0.08 -8.49 4.87 0.00
-2.69 0.22 -0.12 -0.06 -10.11 -0.25 0.00
-0.94 0.24 -0.05 -0.02 -15.44 -0.79 0.00
-0.77 0.11 0.17 -0.04 -21.51 -0.34 0.00
2.21 0.17 -0.03 0.00 -6.97 0.32 0.00
0.49 0.26 -0.31 0.01 -9.07 -0.76 0.00
-0.46 0.10 0.29 0.03 -10.96 -1.62 0.00
2.34 0.07 0.14 0.04 -4.80 -2.91 0.00
3.10 0.21 -0.27 0.04 -11.05 -2.68 0.00
-1.46 0.09 -0.14 -0.02 -11.33 -2.19 0.00
0.03 0.02 -0.27 -0.06 -5.54 -0.85 0.00
-0.55 0.14 -0.18 -0.07 -5.99 0.31 0.00
-0.31 -1.59 -0.02 0.02 0.02 -9.44 0.00
-0.32 -1.46 -0.02 0.02 0.02 -9.42 1.00
-0.32 -1.46 -0.02 0.02 0.02 -9.41 1.00
-0.32 -1.48 -0.02 0.02 0.02 -9.42 1.00
-0.31 -1.47 -0.02 0.02 0.02 -9.41 1.00
-0.30 -1.49 -0.02 0.02 0.02 -9.40 1.00
-0.32 -1.48 -0.02 0.02 0.02 -9.41 1.00
-0.32 -1.47 -0.02 0.02 0.02 -9.42 1.00
-0.31 -1.47 -0.02 0.02 0.02 -9.42 1.00
-0.31 -1.47 -0.02 0.02 0.02 -9.42 1.00
-0.02 0.02 0.02 -9.40 -0.21 -0.73 0.00
-0.02 0.02 0.02 -9.40 -0.21 -0.74 0.00
-0.02 0.02 0.02 -9.41 -0.22 -0.74 1.00
-0.02 0.02 0.02 -9.41 -0.21 -0.75 1.00
-0.02 0.02 0.02 -9.42 -0.19 -0.77 1.00
-0.02 0.02 0.02 -9.42 -0.20 -0.77 1.00
-0.02 0.02 0.02 -9.42 -0.21 -0.77 1.00
-0.02 0.02 0.02 -9.43 -0.21 -0.76 1.00
-0.02 0.02 0.02 -9.43 -0.21 -0.75 1.00
-0.02 0.02 0.02 -9.42 -0.20 -0.74 1.00
-0.20 -6.52 -3.55 -0.59 -0.62 -3.50 1.00
-0.49 -6.96 -4.74 -0.51 -0.64 -3.56 1.00
0.14 -7.31 -6.28 -0.47 -0.62 -3.59 1.00
0.79 -7.14 -6.11 -0.41 -0.53 -3.64 1.00
0.17 -6.58 -5.26 -0.28 -0.55 -3.70 1.00
-0.09 -6.16 -5.05 -0.19 -0.65 -3.75 1.00
-0.20 -5.73 -4.70 -0.12 -0.71 -3.80 1.00
0.67 -5.04 -0.77 -0.16 -0.97 -4.00 1.00
0.47 -5.22 0.37 -0.27 -1.05 -4.05 1.00
0.55 -5.21 0.10 -0.36 -1.09 -4.08 1.00
-9.40 -0.16 -0.78 -0.02 0.02 0.02 0.00
-9.40 -0.16 -0.78 -0.02 0.02 0.02 1.00
-9.40 -0.16 -0.76 -0.02 0.02 0.02 1.00
0.00 0.00 0.00 0.00 0.00 0.00 0.00
0.00 0.00 0.00 0.00 0.00 0.00 0.00
0.00 0.00 0.00 0.00 0.00 0.00 0.00
0.00 0.00 0.00 0.00 0.00 0.00 0.00
0.00 0.00 0.00 0.00 0.00 0.00 0.00
0.00 0.00 0.00 0.00 0.00 0.00 0.00
0.00 0.00 0.00 0.00 0.00 0.00 0.00
-0.24 -0.80 -0.02 0.02 0.01 -9.41 0.00
-0.26 -0.81 -0.02 0.02 0.02 -9.39 0.00
-0.25 -0.81 -0.02 0.02 0.02 -9.39 0.00
-0.25 -0.81 -0.02 0.02 0.02 -9.39 1.00
-0.23 -0.80 -0.02 0.02 0.02 -9.39 1.00
-0.23 -0.81 -0.02 0.02 0.02 -9.39 1.00
-0.23 -0.82 -0.02 0.02 0.02 -9.39 1.00
-0.23 -0.80 -0.02 0.02 0.02 -9.39 1.00
-0.23 -0.79 -0.02 0.02 0.02 -9.39 1.00
-0.23 -0.80 -0.02 0.02 0.02 -9.39 1.00
-0.04 0.02 0.02 -9.40 -0.37 -0.77 0.00
-0.04 0.02 0.02 -9.37 -0.42 -0.83 1.00
-0.04 0.01 0.02 -9.37 -0.44 -0.84 1.00
-0.03 0.02 0.02 -9.37 -0.48 -0.83 1.00
-0.03 0.02 0.02 -9.37 -0.50 -0.81 1.00
-0.02 0.03 0.02 -9.38 -0.52 -0.76 1.00
-0.02 0.03 0.02 -9.40 -0.54 -0.68 1.00
-0.02 0.03 0.02 -9.43 -0.55 -0.63 1.00
-0.02 0.03 0.02 -9.45 -0.55 -0.61 1.00
-0.02 0.02 0.02 -9.43 -0.56 -0.61 1.00
-13.10 -2.68 -0.40 -0.14 -2.98 -7.35 1.00
-12.79 -3.07 -0.42 -0.13 -3.01 -7.98 1.00
-12.44 -3.20 -0.41 -0.11 -3.03 -8.42 1.00
-11.66 -3.80 -0.38 -0.11 -3.04 -8.83 1.00
-11.29 -4.31 -0.34 -0.10 -3.05 -8.78 1.00
-11.43 -4.39 -0.29 -0.10 -3.05 -8.65 1.00
-11.55 -4.87 -0.25 -0.06 -3.06 -8.54 1.00
-12.13 -4.83 -0.20 -0.06 -3.07 -8.24 1.00
-12.56 -4.81 -0.17 -0.08 -3.09 -7.76 1.00
-13.01 -4.92 -0.12 -0.09 -3.11 -7.32 1.00
0.03 -9.28 -0.70 -1.17 -0.05 0.00 0.00
0.03 -9.16 -0.61 -0.82 -0.06 0.04 1.00
0.03 -9.58 -0.63 -0.50 -0.08 0.06 1.00
0.03 -9.81 -0.77 -0.35 -0.11 0.06 1.00
0.02 -9.75 -0.79 -0.27 -0.13 0.03 1.00
0.02 -9.66 -0.74 -0.48 -0.14 0.02 1.00
0.02 -9.59 -0.58 -0.79 -0.14 0.02 1.00
0.01 -9.66 -0.55 -0.69 -0.14 0.01 1.00
0.01 -9.28 -0.56 -1.12 -0.13 -0.02 1.00
0.01 -9.32 -0.48 -1.69 -0.12 0.00 1.00
-0.25 -0.72 -0.02 0.03 0.02 -9.41 0.00
-0.21 -0.73 -0.02 0.02 0.02 -9.40 0.00
-0.22 -0.74 -0.02 0.02 0.02 -9.41 0.00
-0.21 -0.74 -0.02 0.02 0.02 -9.41 0.00
-0.20 -0.74 -0.02 0.02 0.02 -9.40 0.00
-0.22 -0.76 -0.02 0.02 0.02 -9.41 0.00
-0.22 -0.75 -0.02 0.02 0.02 -9.40 0.00
-0.23 -0.74 -0.02 0.02 0.02 -9.40 0.00
-0.23 -0.72 -0.02 0.02 0.02 -9.39 0.00
-0.23 -0.73 -0.02 0.02 0.02 -9.39 0.00
1.51 0.44 0.03 0.04 -8.96 0.77 0.00
1.57 0.40 -0.01 0.03 -8.67 0.84 0.00
1.01 0.35 -0.07 0.02 -8.32 0.58 0.00
0.03 0.32 -0.06 0.02 -8.57 0.42 0.00
-1.18 0.33 -0.01 0.02 -8.72 0.31 0.00
-1.30 0.36 0.02 0.02 -8.65 0.36 0.00
-1.29 0.42 0.02 0.02 -8.40 0.46 0.00
-1.25 0.46 0.04 0.02 -8.35 0.54 0.00
-1.13 0.50 0.07 0.02 -8.39 0.48 0.00
-0.81 0.51 0.06 0.02 -8.20 0.64 0.00
-9.32 0.25 -0.36 0.02 0.02 0.02 0.00
-9.35 0.28 -0.30 0.02 0.02 0.02 0.00
-9.37 0.31 -0.23 0.02 0.02 0.02 0.00
-9.40 0.33 -0.19 0.01 0.02 0.02 0.00
-9.42 0.33 -0.16 0.01 0.02 0.02 0.00
-9.42 0.32 -0.17 0.00 0.02 0.02 0.00
-9.40 0.30 -0.20 -0.00 0.02 0.02 0.00
-9.39 0.28 -0.23 -0.01 0.02 0.02 0.00
-9.39 0.25 -0.25 -0.01 0.02 0.02 0.00
-9.39 0.22 -0.29 -0.02 0.03 0.02 0.00
-0.37 -4.07 -0.18 0.02 0.02 -10.44 0.00
0.29 -2.16 -0.10 0.01 0.02 -8.87 0.00
0.57 -2.69 -0.07 0.03 0.03 -7.42 0.00
0.01 -5.08 -0.14 0.08 0.03 -9.49 0.00
-0.64 -6.03 -0.21 0.05 0.02 -11.03 0.00
-0.46 -5.59 -0.15 -0.05 0.01 -9.95 0.00
0.15 -4.42 -0.05 0.05 0.01 -8.66 0.00
0.63 -4.32 -0.01 0.15 0.02 -8.88 0.00
0.31 -4.47 -0.06 0.09 0.02 -10.09 0.00
0.14 -4.72 -0.08 -0.00 0.02 -10.16 0.00
-1.19 -0.03 0.03 0.02 -9.36 -0.08 0.00
-1.15 -0.02 0.03 0.02 -9.40 -0.11 0.00
-1.11 -0.02 0.03 0.02 -9.46 -0.13 0.00
-1.03 -0.02 0.03 0.02 -9.47 -0.13 0.00
-0.98 -0.02 0.02 0.02 -9.46 -0.16 0.00
-0.97 -0.02 0.02 0.02 -9.42 -0.18 0.00
-0.99 -0.02 0.01 0.02 -9.39 -0.21 0.00
-0.93 -0.02 0.02 0.02 -9.37 -0.23 0.00
-0.90 -0.02 0.02 0.02 -9.45 -0.23 0.00
-0.65 -0.04 0.03 0.02 -9.46 -0.23 0.00
0.12 -0.01 -9.20 6.31 -0.54 -0.17 0.00
-0.01 -0.02 -8.38 6.46 -2.14 -0.21 0.00
0.07 -0.02 -9.82 7.11 -3.12 -0.26 0.00
0.07 -0.03 -9.22 8.81 -3.15 -0.28 0.00
0.06 -0.02 -8.44 9.20 -3.01 -0.31 0.00
0.05 -0.02 -9.44 9.62 -4.17 -0.28 0.00
0.04 -0.00 -9.33 9.46 -4.20 -0.25 0.00
-0.01 0.01 -8.37 8.64 -6.01 -0.18 0.00
-0.03 0.01 -9.83 8.54 -6.84 -0.15 0.00
0.15 0.03 -8.70 7.86 -3.91 -0.02 0.00
-1.07 -0.32 -0.08 0.07 0.03 -9.79 0.00
-1.44 -0.91 -0.08 -0.01 0.04 -8.92 0.00
-1.03 0.48 -0.10 0.01 0.04 -9.69 0.00
0.03 0.11 -0.17 -0.11 0.00 -7.92 0.00
0.41 -2.83 -0.17 -0.07 0.00 -8.72 0.00
-0.16 -2.56 -0.22 0.08 0.01 -10.49 0.00
0.10 -1.70 -0.14 -0.02 0.01 -8.78 0.00
0.85 -1.98 -0.04 -0.04 0.02 -9.49 0.00
0.52 -1.18 -0.01 0.14 0.03 -10.72 0.00
0.12 -0.07 0.02 0.09 0.04 -9.62 0.00
-0.58 -0.61 -0.15 -1.28 -7.56 -2.57 1.00
-0.91 -0.62 -0.16 -1.30 -7.39 -2.67 1.00
-1.01 -0.62 -0.17 -1.31 -7.36 -2.92 1.00
-1.45 -0.61 -0.13 -1.33 -7.24 -3.08 1.00
-1.22 -0.61 -0.11 -1.35 -7.37 -3.10 1.00
-1.13 -0.62 -0.08 -1.37 -7.57 -2.86 1.00
-0.72 -0.63 -0.09 -1.40 -7.28 -2.86 1.00
-0.54 -0.65 -0.10 -1.42 -7.27 -2.70 1.00
-0.40 -0.66 -0.11 -1.44 -7.76 -2.75 1.00
-0.99 -0.70 -0.10 -1.45 -7.41 -2.76 1.00
0.02 0.02 0.82 -10.11 -1.51 -0.02 0.00
0.02 0.02 0.82 -10.10 -1.52 -0.02 1.00
0.02 0.02 0.83 -10.11 -1.52 -0.02 1.00
0.02 0.02 0.81 -10.11 -1.50 -0.02 1.00
0.02 0.02 0.81 -10.12 -1.50 -0.02 1.00
0.02 0.02 0.80 -10.11 -1.52 -0.02 1.00
0.02 0.02 0.79 -10.11 -1.52 -0.02 1.00
0.02 0.02 0.78 -10.12 -1.52 -0.02 1.00
0.02 0.02 0.78 -10.11 -1.52 -0.02 1.00
0.02 0.02 0.79 -10.11 -1.52 -0.02 1.00
4.12 -6.13 2.26 -1.82 0.71 -7.15 0.00
4.06 -6.65 2.23 -1.53 0.69 -7.96 0.00
5.31 -8.08 2.28 -1.73 0.63 -6.39 0.00
6.80 -4.97 2.18 -1.51 0.61 -9.83 0.00
7.13 -3.48 2.17 -1.57 0.61 -6.46 0.00
7.27 -3.22 2.18 -1.56 0.61 -6.75 0.00
7.73 -2.52 2.07 -1.39 0.61 -7.83 0.00
6.63 2.24 1.89 -1.43 0.59 -8.96 0.00
5.91 -0.89 1.80 -1.57 0.58 -6.02 0.00
5.65 -0.34 1.61 -1.56 0.54 -7.98 0.00
-0.41 -0.49 0.02 0.03 -9.72 -0.38 0.00
0.28 -0.49 0.01 0.04 -9.09 0.63 1.00
-0.91 -0.47 -0.03 0.04 -9.28 0.29 1.00
-0.94 -0.50 0.03 0.04 -8.44 0.27 1.00
-0.96 -0.49 -0.01 0.04 -8.12 0.14 1.00
-2.06 -0.52 0.01 0.04 -8.30 0.05 1.00
-1.42 -0.54 0.02 0.03 -9.00 0.17 1.00
-2.30 -0.50 -0.02 0.03 -10.31 0.82 1.00
-1.92 -0.47 0.05 0.04 -11.86 0.42 1.00
-1.13 -0.38 0.08 0.06 -9.68 -0.46 1.00
0.02 0.02 -9.39 -0.14 -0.45 -0.02 0.00
0.02 0.02 -9.39 -0.14 -0.47 -0.02 0.00
0.02 0.02 -9.39 -0.13 -0.47 -0.02 0.00
0.02 0.02 -9.39 -0.13 -0.47 -0.02 0.00
0.02 0.02 -9.39 -0.14 -0.47 -0.02 0.00
0.02 0.02 -9.39 -0.14 -0.46 -0.02 0.00
0.02 0.02 -9.39 -0.14 -0.46 -0.02 0.00
0.02 0.02 -9.39 -0.15 -0.47 -0.02 0.00
0.02 0.02 -9.39 -0.14 -0.47 -0.02 0.00
0.02 0.02 -9.40 -0.13 -0.47 -0.02 0.00
0.02 0.02 -9.39 -0.14 -0.48 -0.02 0.00
0.02 0.02 -9.38 -0.15 -0.48 -0.02 0.00
0.02 0.02 -9.39 -0.15 -0.47 -0.02 0.00
0.02 0.02 -9.39 -0.15 -0.48 -0.02 0.00
0.02 0.02 -9.40 -0.14 -0.48 -0.02 0.00
0.02 0.02 -9.40 -0.13 -0.48 -0.02 0.00
0.02 0.02 -9.39 -0.14 -0.48 -0.02 0.00
0.02 0.02 -9.40 -0.14 -0.49 -0.02 0.00
0.02 0.02 -9.39 -0.14 -0.44 -0.02 0.00
0.02 0.02 -9.38 -0.14 -0.45 -0.02 0.00
-0.02 0.02 0.02 -9.40 -0.17 -0.49 0.00
0.00 0.00 0.00 0.00 0.00 0.00 0.00
0.00 0.00 0.00 0.00 0.00 0.00 0.00
0.00 0.00 0.00 0.00 0.00 0.00 0.00
0.00 0.00 0.00 0.00 0.00 0.00 0.00
0.00 0.00 0.00 0.00 0.00 0.00 0.00
0.00 0.00 0.00 0.00 0.00 0.00 0.00
0.00 0.00 0.00 0.00 0.00 0.00 0.00
0.00 0.00 0.00 0.00 0.00 0.00 0.00
0.00 0.00 0.00 0.00 0.00 0.00 0.00
0.02 -9.39 -0.16 -0.50 -0.02 0.02 0.00
0.02 -9.40 -0.16 -0.51 -0.02 0.02 0.00
0.02 -9.39 -0.17 -0.51 -0.02 0.02 0.00
0.02 -9.38 -0.17 -0.52 -0.02 0.02 0.00
0.02 -9.39 -0.17 -0.53 -0.02 0.02 0.00
0.02 -9.38 -0.18 -0.53 -0.02 0.02 0.00
0.02 -9.39 -0.19 -0.52 -0.02 0.02 0.00
0.02 -9.40 -0.19 -0.52 -0.02 0.02 0.00
0.02 -9.40 -0.20 -0.52 -0.02 0.02 0.00
0.02 -9.40 -0.19 -0.52 -0.02 0.02 0.00
-0.48 -0.02 0.02 0.02 -9.39 -0.19 0.00
-0.48 -0.02 0.02 0.02 -9.41 -0.20 0.00
-0.51 -0.02 0.02 0.02 -9.41 -0.20 0.00
-0.50 -0.02 0.02 0.02 -9.40 -0.20 0.00
-0.51 -0.02 0.02 0.02 -9.40 -0.19 0.00
-0.51 -0.02 0.02 0.02 -9.38 -0.19 0.00
-0.52 -0.02 0.02 0.02 -9.38 -0.20 0.00
-0.52 -0.02 0.02 0.02 -9.39 -0.21 0.00
-0.52 -0.02 0.02 0.02 -9.40 -0.19 0.00
-0.50 -0.02 0.02 0.02 -9.41 -0.20 0.00
-9.39 -0.21 -0.54 -0.02 0.02 0.02 0.00
-9.39 -0.21 -0.53 -0.02 0.02 0.02 0.00
-9.39 -0.21 -0.55 -0.02 0.02 0.02 0.00
-9.40 -0.21 -0.55 -0.02 0.02 0.02 0.00
-9.40 -0.21 -0.51 -0.02 0.02 0.02 0.00
-9.41 -0.21 -0.51 -0.02 0.02 0.02 0.00
-9.42 -0.22 -0.52 -0.02 0.02 0.02 0.00
-9.42 -0.22 -0.53 -0.02 0.02 0.02 0.00
-9.40 -0.21 -0.54 -0.02 0.02 0.02 0.00
-9.40 -0.23 -0.54 -0.02 0.02 0.02 0.00
-0.55 -0.06 0.03 0.02 -9.38 -0.21 0.00
-0.68 -0.07 0.02 0.02 -9.37 -0.23 0.00
-0.89 -0.06 0.02 0.02 -9.39 -0.24 0.00
-1.05 -0.05 0.02 0.02 -9.33 -0.23 0.00
-1.09 -0.04 0.02 0.02 -9.33 -0.20 0.00
-1.02 -0.03 0.03 0.02 -9.36 -0.12 0.00
-0.92 -0.02 0.03 0.02 -9.32 -0.08 0.00
-0.78 -0.01 0.03 0.02 -9.47 -0.15 0.00
-0.63 -0.00 0.04 0.02 -9.38 -0.15 0.00
-0.41 -0.02 0.01 0.02 -9.35 -0.05 0.00
-0.56 -0.02 0.02 0.02 -9.42 -0.16 0.00
-0.54 -0.02 0.02 0.02 -9.42 -0.17 0.00
-0.54 -0.02 0.02 0.02 -9.40 -0.17 0.00
-0.55 -0.02 0.02 0.02 -9.40 -0.16 0.00
-0.56 -0.02 0.02 0.02 -9.40 -0.16 0.00
-0.55 -0.02 0.02 0.02 -9.39 -0.17 0.00
-0.54 -0.02 0.02 0.02 -9.39 -0.18 0.00
-0.53 -0.02 0.02 0.02 -9.39 -0.18 0.00
-0.53 -0.02 0.02 0.02 -9.40 -0.18 0.00
-0.54 -0.02 0.02 0.02 -9.40 -0.19 0.00
0.02 -9.41 -0.23 -0.56 -0.02 0.02 0.00
0.02 -9.39 -0.24 -0.57 -0.02 0.02 0.00
0.02 -9.39 -0.24 -0.58 -0.02 0.02 0.00
0.02 -9.40 -0.23 -0.56 -0.02 0.02 0.00
0.02 -9.41 -0.23 -0.57 -0.02 0.02 0.00
0.02 -9.39 -0.23 -0.56 -0.02 0.02 0.00
0.02 -9.39 -0.24 -0.56 -0.02 0.02 0.00
0.02 -9.40 -0.26 -0.55 -0.02 0.02 0.00
0.02 -9.39 -0.26 -0.55 -0.02 0.02 0.00
0.02 -9.38 -0.25 -0.56 -0.02 0.02 0.00
-0.02 0.02 0.02 -9.40 -0.22 -0.46 0.00
-0.02 0.02 0.02 -9.39 -0.22 -0.46 0.00
-0.02 0.02 0.02 -9.39 -0.22 -0.45 0.00
-0.02 0.02 0.02 -9.39 -0.22 -0.45 0.00
-0.02 0.02 0.02 -9.40 -0.21 -0.46 0.00
-0.02 0.02 0.02 -9.40 -0.20 -0.46 0.00
-0.02 0.02 0.02 -9.39 -0.21 -0.47 0.00
-0.02 0.02 0.02 -9.39 -0.21 -0.47 0.00
-0.02 0.02 0.02 -9.39 -0.22 -0.46 0.00
-0.02 0.02 0.02 -9.40 -0.22 -0.46 0.00
-0.02 0.02 0.02 -9.39 -0.19 -0.45 0.00
-0.02 0.02 0.02 -9.41 -0.19 -0.44 0.00
-0.02 0.02 0.02 -9.41 -0.19 -0.45 0.00
-0.02 0.02 0.02 -9.40 -0.19 -0.45 0.00
-0.02 0.02 0.02 -9.40 -0.19 -0.45 0.00
-0.02 0.02 0.02 -9.39 -0.19 -0.45 0.00
-0.02 0.02 0.02 -9.41 -0.21 -0.47 0.00
-0.02 0.02 0.02 -9.41 -0.21 -0.48 0.00
-0.02 0.02 0.02 -9.41 -0.19 -0.48 0.00
-0.02 0.02 0.02 -9.41 -0.19 -0.47 0.00
0.02 0.02 -9.39 -0.15 -0.53 -0.02 0.00
0.02 0.02 -9.39 -0.15 -0.55 -0.02 0.00
0.02 0.02 -9.40 -0.14 -0.56 -0.02 0.00
0.02 0.02 -9.40 -0.15 -0.53 -0.02 0.00
0.02 0.02 -9.39 -0.16 -0.52 -0.02 0.00
0.02 0.02 -9.40 -0.17 -0.53 -0.02 0.00
0.02 0.02 -9.40 -0.17 -0.54 -0.02 0.00
0.02 0.02 -9.39 -0.17 -0.55 -0.02 0.00
0.02 0.02 -9.39 -0.17 -0.55 -0.02 0.00
0.02 0.02 -9.40 -0.18 -0.54 -0.02 0.00
0.09 -9.22 0.86 2.45 -0.58 0.08 0.00
0.09 -10.18 -0.97 1.03 -0.70 -0.09 0.00
0.09 -10.45 -2.51 -0.09 -0.77 -0.09 0.00
0.08 -9.90 -3.21 -0.42 -0.79 -0.03 0.00
0.05 -10.08 -1.57 0.05 -0.81 0.08 0.00
0.03 -9.45 -1.21 1.27 -0.81 0.05 0.00
0.03 -9.54 -0.16 -1.05 -0.77 -0.05 0.00
0.04 -8.60 -0.26 -1.81 -0.76 -0.00 0.00
0.04 -9.47 0.34 -1.67 -0.70 0.05 0.00
0.04 -9.59 1.22 -1.87 -0.63 0.12 0.00
0.02 0.02 -9.37 -0.46 -0.50 -0.02 0.00
0.02 0.02 -9.36 -0.44 -0.49 -0.02 0.00
0.03 0.02 -9.38 -0.40 -0.49 -0.02 0.00
0.02 0.02 -9.37 -0.34 -0.48 -0.01 0.00
0.02 0.02 -9.38 -0.30 -0.48 -0.01 0.00
0.02 0.02 -9.40 -0.24 -0.48 -0.01 0.00
0.02 0.02 -9.42 -0.19 -0.44 -0.01 0.00
0.02 0.02 -9.60 -0.13 -0.31 -0.01 0.00
0.02 0.02 -9.39 -0.11 -0.23 0.00 0.00
0.01 0.02 -9.20 -0.13 -0.37 -0.00 0.00
-0.28 0.08 0.02 0.01 -9.83 -0.39 0.00
-0.42 0.08 0.01 0.01 -9.65 -0.36 0.00
-0.56 0.09 -0.00 0.01 -9.20 -0.33 0.00
-0.56 0.07 -0.00 0.01 -9.21 -0.36 0.00
-0.73 0.07 0.02 0.01 -9.48 -0.23 0.00
-0.41 0.08 0.03 0.01 -9.43 -0.25 0.00
-0.61 0.09 0.01 0.01 -9.14 -0.16 0.00
-0.66 0.09 0.01 0.01 -9.67 -0.13 0.00
-0.58 0.10 0.02 0.01 -9.56 -0.12 0.00
-0.39 0.11 0.03 0.01 -9.32 -0.09 0.00
-0.01 0.02 -8.83 0.18 -1.62 -0.04 0.00
-0.02 0.02 -8.82 0.17 -1.65 -0.03 0.00
-0.02 0.02 -8.77 0.15 -1.62 -0.03 0.00
-0.03 0.02 -8.78 0.15 -1.58 -0.02 0.00
-0.03 0.02 -8.80 0.13 -1.52 -0.02 0.00
-0.04 0.02 -8.79 0.13 -1.45 -0.02 0.00
-0.05 0.02 -8.75 0.13 -1.40 -0.02 0.00
-0.06 0.02 -8.72 0.14 -1.31 -0.02 0.00
-0.06 0.02 -8.65 0.15 -1.23 -0.03 0.00
-0.07 0.02 -8.60 0.15 -1.20 -0.03 0.00
-0.02 0.02 0.02 -9.41 -0.24 -0.48 0.00
-0.02 0.02 0.02 -9.41 -0.25 -0.48 0.00
-0.02 0.02 0.02 -9.40 -0.23 -0.46 0.00
-0.02 0.02 0.02 -9.39 -0.23 -0.46 0.00
-0.02 0.02 0.02 -9.39 -0.24 -0.47 0.00
-0.02 0.02 0.02 -9.40 -0.24 -0.47 0.00
-0.02 0.02 0.02 -9.40 -0.25 -0.48 0.00
-0.02 0.02 0.02 -9.40 -0.25 -0.47 0.00
-0.02 0.02 0.02 -9.39 -0.25 -0.47 0.00
-0.02 0.02 0.02 -9.39 -0.25 -0.48 0.00
-0.45 -0.02 0.03 0.02 -9.39 -0.26 0.00
-0.47 -0.02 0.02 0.02 -9.38 -0.25 1.00
-0.47 -0.02 0.02 0.02 -9.37 -0.25 1.00
-0.47 -0.02 0.03 0.02 -9.38 -0.27 1.00
-0.47 -0.02 0.02 0.02 -9.38 -0.26 1.00
-0.49 -0.02 0.02 0.02 -9.39 -0.28 1.00
-0.51 -0.02 0.02 0.02 -9.40 -0.28 1.00
-0.51 -0.02 0.03 0.02 -9.41 -0.31 1.00
-0.51 -0.02 0.02 0.02 -9.40 -0.30 1.00
-0.53 -0.02 0.02 0.02 -9.39 -0.29 1.00
-0.50 4.63 -0.03 0.02 0.01 -7.43 0.00
-0.51 4.84 -0.01 0.01 0.01 -7.44 1.00
-0.52 4.91 -0.01 0.01 0.01 -7.46 1.00
-0.52 4.92 -0.01 0.01 0.01 -7.43 1.00
-0.52 4.95 -0.02 0.01 0.01 -7.44 1.00
-0.52 4.95 -0.02 0.01 0.01 -7.40 1.00
-0.53 4.97 -0.02 0.01 0.01 -7.42 1.00
-0.55 4.98 -0.03 0.02 0.01 -7.39 1.00
-0.57 4.96 -0.03 0.01 0.01 -7.37 1.00
-0.57 4.94 -0.03 0.01 0.01 -7.38 1.00
-0.26 -0.84 -0.02 0.02 0.02 -9.40 0.00
-0.27 -0.85 -0.02 0.02 0.02 -9.41 1.00
-0.28 -0.86 -0.02 0.02 0.02 -9.42 1.00
-0.29 -0.85 -0.02 0.02 0.02 -9.42 1.00
-0.28 -0.88 -0.02 0.02 0.02 -9.43 1.00
-0.29 -0.90 -0.02 0.02 0.02 -9.42 1.00
-0.29 -0.90 -0.02 0.02 0.02 -9.42 1.00
-0.28 -0.89 -0.02 0.02 0.02 -9.44 1.00
-0.28 -0.85 -0.02 0.02 0.02 -9.42 1.00
-0.28 -0.85 -0.02 0.02 0.02 -9.41 1.00
-9.39 -0.18 -0.70 -0.02 0.02 0.02 0.00
-9.40 -0.19 -0.70 -0.02 0.02 0.02 1.00
-9.41 -0.19 -0.70 -0.02 0.02 0.02 1.00
-9.42 -0.18 -0.69 -0.02 0.02 0.01 1.00
-9.43 -0.19 -0.71 -0.02 0.02 0.02 1.00
-9.42 -0.19 -0.70 -0.02 0.02 0.02 1.00
-9.41 -0.20 -0.69 -0.02 0.02 0.02 1.00
-9.42 -0.21 -0.68 -0.02 0.02 0.02 1.00
-9.42 -0.20 -0.69 -0.02 0.02 0.02 1.00
-9.41 -0.21 -0.68 -0.02 0.02 0.02 1.00
-2.21 -0.02 0.02 0.02 0.88 -10.08 1.00
-2.20 -0.02 0.03 0.02 0.88 -10.08 1.00
-2.19 -0.02 0.03 0.02 0.88 -10.07 1.00
-2.19 -0.02 0.02 0.02 0.89 -10.07 1.00
-2.19 -0.02 0.02 0.02 0.89 -10.07 1.00
-2.21 -0.02 0.02 0.02 0.89 -10.07 1.00
-2.21 -0.02 0.02 0.02 0.90 -10.07 1.00
-2.19 -0.02 0.02 0.02 0.89 -10.08 1.00
-2.17 -0.02 0.02 0.02 0.89 -10.07 1.00
-2.17 -0.02 0.02 0.02 0.88 -10.07 1.00
-0.02 0.02 0.02 0.85 -10.08 -2.17 1.00
-0.02 0.02 0.02 0.84 -10.08 -2.18 1.00
-0.02 0.02 0.02 0.85 -10.07 -2.18 1.00
-0.02 0.02 0.02 0.86 -10.08 -2.19 1.00
-0.02 0.02 0.02 0.87 -10.08 -2.20 1.00
-0.02 0.02 0.02 0.86 -10.08 -2.19 1.00
-0.02 0.02 0.02 0.86 -10.08 -2.19 1.00
-0.02 0.02 0.02 0.86 -10.07 -2.17 1.00
-0.02 0.02 0.02 0.88 -10.07 -2.15 1.00
-0.02 0.02 0.02 0.88 -10.07 -2.14 1.00
-1.15 -0.02 0.02 0.02 0.96 9.59 1.00
-1.15 -0.02 0.02 0.02 0.97 9.60 1.00
-1.16 -0.02 0.02 0.02 0.96 9.62 1.00
-1.15 -0.02 0.02 0.02 0.96 9.62 1.00
-1.14 -0.02 0.02 0.02 0.97 9.61 1.00
-1.18 -0.02 0.02 0.02 0.96 9.59 1.00
-1.16 -0.02 0.02 0.02 0.97 9.60 1.00
-1.14 -0.02 0.02 0.02 0.96 9.61 1.00
-1.14 -0.02 0.02 0.02 0.95 9.62 1.00
-1.15 -0.02 0.02 0.02 0.94 9.62 1.00
-1.14 -0.02 0.02 0.02 0.93 9.60 1.00
-1.15 -0.02 0.02 0.02 0.95 9.61 1.00
-1.16 -0.02 0.02 0.02 0.95 9.62 1.00
-1.16 -0.02 0.02 0.02 0.95 9.60 1.00
-1.15 -0.02 0.02 0.02 0.95 9.60 1.00
-1.16 -0.02 0.02 0.02 0.93 9.60 1.00
-1.17 -0.02 0.02 0.02 0.91 9.61 1.00
-1.18 -0.02 0.02 0.02 0.91 9.60 1.00
-1.15 -0.02 0.02 0.02 0.92 9.61 1.00
-1.14 -0.02 0.02 0.02 0.92 9.61 1.00
0.02 0.02 0.94 9.60 -1.15 -0.02 1.00
0.03 0.02 0.94 9.60 -1.17 -0.02 1.00
0.02 0.02 0.95 9.61 -1.17 -0.02 1.00
0.02 0.02 0.94 9.61 -1.18 -0.02 1.00
0.02 0.02 0.95 9.61 -1.18 -0.02 1.00
0.02 0.02 0.95 9.61 -1.17 -0.02 1.00
0.02 0.02 0.95 9.61 -1.16 -0.02 1.00
0.02 0.02 0.96 9.61 -1.17 -0.02 1.00
0.02 0.02 0.97 9.61 -1.17 -0.02 1.00
0.02 0.02 0.96 9.60 -1.18 -0.02 1.00
0.02 0.02 1.78 -0.39 8.68 -0.02 1.00
0.02 0.02 1.77 -0.38 8.69 -0.02 1.00
0.02 0.02 1.77 -0.39 8.68 -0.02 1.00
0.02 0.02 1.78 -0.39 8.68 -0.02 1.00
0.02 0.02 1.78 -0.40 8.68 -0.02 1.00
0.02 0.02 1.78 -0.40 8.69 -0.02 1.00
0.02 0.02 1.78 -0.40 8.68 -0.02 1.00
0.02 0.02 1.77 -0.40 8.69 -0.02 1.00
0.02 0.02 1.76 -0.40 8.68 -0.02 1.00
0.02 0.02 1.76 -0.38 8.69 -0.02 1.00
8.67 -0.02 0.02 0.02 1.78 -0.37 1.00
8.67 -0.02 0.02 0.02 1.79 -0.39 1.00
8.69 -0.02 0.02 0.02 1.78 -0.39 1.00
8.71 -0.02 0.02 0.01 1.78 -0.39 1.00
8.70 -0.02 0.02 0.02 1.78 -0.37 1.00
8.68 -0.02 0.02 0.02 1.79 -0.38 1.00
8.69 -0.02 0.02 0.02 1.78 -0.38 1.00
8.70 -0.02 0.02 0.01 1.77 -0.39 1.00
8.68 -0.02 0.02 0.02 1.78 -0.39 1.00
8.69 -0.02 0.02 0.02 1.78 -0.39 1.00
-0.02 0.02 0.02 1.78 -0.37 8.69 1.00
-0.02 0.02 0.02 1.78 -0.37 8.68 1.00
-0.02 0.02 0.02 1.77 -0.37 8.66 1.00
-0.02 0.02 0.02 1.76 -0.38 8.67 1.00
-0.02 0.02 0.02 1.76 -0.38 8.66 1.00
-0.02 0.02 0.02 1.77 -0.39 8.67 1.00
-0.02 0.02 0.02 1.76 -0.38 8.67 1.00
-0.02 0.02 0.02 1.76 -0.37 8.69 1.00
-0.02 0.02 0.02 1.75 -0.38 8.70 1.00
-0.02 0.02 0.02 1.74 -0.39 8.69 1.00
0.02 1.76 -0.40 8.69 -0.02 0.02 1.00
0.02 1.77 -0.39 8.68 -0.02 0.02 1.00
0.02 1.75 -0.39 8.69 -0.02 0.02 1.00
0.02 1.75 -0.37 8.68 -0.02 0.02 1.00
0.02 1.75 -0.38 8.68 -0.02 0.02 1.00
0.02 1.76 -0.39 8.69 -0.02 0.02 1.00
0.02 1.76 -0.40 8.66 -0.02 0.02 1.00
0.02 1.76 -0.40 8.68 -0.02 0.02 1.00
0.02 1.77 -0.39 8.70 -0.02 0.02 1.00
0.02 1.77 -0.38 8.70 -0.02 0.02 1.00
8.68 -0.02 0.02 0.02 1.79 -0.41 1.00
8.67 -0.02 0.02 0.02 1.79 -0.40 1.00
8.67 -0.02 0.02 0.02 1.79 -0.39 1.00
8.67 -0.02 0.02 0.02 1.79 -0.37 1.00
8.68 -0.02 0.02 0.02 1.77 -0.38 1.00
8.68 -0.02 0.02 0.02 1.78 -0.37 1.00
8.69 -0.02 0.02 0.02 1.78 -0.38 1.00
8.70 -0.02 0.02 0.02 1.77 -0.39 1.00
8.69 -0.02 0.02 0.02 1.78 -0.39 1.00
8.70 -0.02 0.02 0.02 1.78 -0.39 1.00
0.02 1.76 -0.39 8.68 -0.02 0.02 1.00
0.02 1.76 -0.39 8.68 -0.02 0.02 1.00
0.02 1.76 -0.39 8.69 -0.02 0.02 1.00
0.02 1.77 -0.40 8.69 -0.02 0.02 1.00
0.02 1.75 -0.40 8.67 -0.02 0.02 1.00
0.02 1.75 -0.39 8.67 -0.02 0.02 1.00
0.02 1.75 -0.39 8.68 -0.02 0.02 1.00
0.02 1.76 -0.39 8.69 -0.02 0.02 1.00
0.02 1.77 -0.40 8.68 -0.02 0.02 1.00
0.02 1.78 -0.39 8.69 -0.02 0.02 1.00
-0.02 0.02 0.02 1.75 -0.37 8.70 1.00
-0.02 0.02 0.02 1.77 -0.37 8.72 1.00
-0.02 0.02 0.02 1.77 -0.38 8.71 1.00
-0.02 0.02 0.02 1.77 -0.36 8.71 1.00
-0.02 0.02 0.02 1.77 -0.37 8.68 1.00
-0.02 0.02 0.02 1.77 -0.37 8.69 1.00
-0.02 0.02 0.02 1.78 -0.37 8.68 1.00
-0.02 0.02 0.02 1.77 -0.37 8.69 1.00
-0.02 0.02 0.02 1.77 -0.37 8.69 1.00
-0.02 0.02 0.02 1.77 -0.37 8.70 1.00
-0.02 0.02 0.02 0.75 -10.11 -1.78 1.00
-0.02 0.02 0.01 0.74 -10.13 -1.78 1.00
-0.02 0.02 0.02 0.74 -10.12 -1.79 1.00
-0.02 0.02 0.02 0.74 -10.12 -1.77 1.00
-0.02 0.02 0.02 0.74 -10.12 -1.77 1.00
-0.02 0.02 0.02 0.75 -10.12 -1.77 1.00
-0.02 0.02 0.02 0.76 -10.10 -1.78 1.00
-0.02 0.02 0.02 0.76 -10.11 -1.79 1.00
-0.02 0.02 0.02 0.76 -10.11 -1.79 1.00
-0.02 0.02 0.02 0.75 -10.12 -1.80 1.00
0.75 -10.11 -1.80 -0.02 0.02 0.02 1.00
0.75 -10.11 -1.80 -0.02 0.02 0.02 1.00
0.74 -10.12 -1.81 -0.02 0.03 0.02 1.00
0.74 -10.12 -1.81 -0.02 0.02 0.02 1.00
0.74 -10.13 -1.81 -0.02 0.02 0.02 1.00
0.75 -10.13 -1.80 -0.02 0.02 0.02 1.00
0.75 -10.12 -1.79 -0.02 0.02 0.01 1.00
0.75 -10.12 -1.79 -0.02 0.02 0.02 1.00
0.75 -10.12 -1.80 -0.02 0.02 0.02 1.00
0.75 -10.11 -1.80 -0.02 0.02 0.02 1.00
0.02 0.02 0.72 -10.11 -1.84 -0.02 1.00
0.02 0.02 0.73 -10.11 -1.84 -0.02 1.00
0.02 0.02 0.73 -10.12 -1.85 -0.02 1.00
0.02 0.02 0.74 -10.11 -1.85 -0.02 1.00
0.02 0.02 0.73 -10.11 -1.83 -0.02 1.00
0.02 0.02 0.74 -10.11 -1.84 -0.02 1.00
0.02 0.02 0.74 -10.10 -1.81 -0.02 1.00
0.02 0.02 0.75 -10.11 -1.83 -0.02 1.00
0.02 0.02 0.74 -10.10 -1.82 -0.02 1.00
0.02 0.02 0.75 -10.10 -1.81 -0.02 1.00
0.02 0.02 0.73 -10.10 -1.87 -0.02 1.00
0.02 0.02 0.74 -10.10 -1.85 -0.02 1.00
0.02 0.02 0.74 -10.11 -1.82 -0.02 1.00
0.02 0.02 0.74 -10.11 -1.82 -0.02 1.00
0.02 0.02 0.74 -10.10 -1.81 -0.02 1.00
0.02 0.02 0.75 -10.11 -1.79 -0.02 1.00
0.02 0.02 0.75 -10.10 -1.78 -0.02 1.00
0.02 0.02 0.75 -10.11 -1.76 -0.02 1.00
0.02 0.02 0.74 -10.10 -1.75 -0.02 1.00
0.02 0.02 0.75 -10.10 -1.76 -0.02 1.00
-0.02 0.02 0.02 0.74 -10.11 -1.81 1.00
-0.02 0.02 0.02 0.74 -10.10 -1.80 1.00
-0.02 0.02 0.02 0.75 -10.10 -1.80 1.00
-0.02 0.02 0.02 0.76 -10.10 -1.81 1.00
-0.02 0.02 0.02 0.76 -10.11 -1.81 1.00
-0.02 0.02 0.02 0.77 -10.11 -1.80 1.00
-0.02 0.02 0.02 0.75 -10.11 -1.80 1.00
-0.02 0.02 0.02 0.76 -10.12 -1.81 1.00
-0.02 0.02 0.02 0.77 -10.12 -1.82 1.00
-0.02 0.02 0.02 0.76 -10.12 -1.83 1.00
-1.80 -0.02 0.02 0.01 0.77 -10.11 1.00
-1.79 -0.02 0.02 0.02 0.76 -10.11 1.00
-1.78 -0.02 0.02 0.02 0.75 -10.11 1.00
-1.78 -0.02 0.02 0.02 0.75 -10.11 1.00
-1.77 -0.02 0.02 0.02 0.75 -10.11 1.00
-1.78 -0.02 0.02 0.02 0.75 -10.11 1.00
-1.80 -0.02 0.02 0.02 0.75 -10.11 1.00
-1.80 -0.02 0.02 0.02 0.74 -10.11 1.00
-1.81 -0.02 0.02 0.02 0.74 -10.12 1.00
-1.83 -0.02 0.02 0.02 0.74 -10.11 1.00
0.02 0.02 1.03 -10.03 -2.49 -0.02 1.00
0.02 0.02 1.02 -10.03 -2.49 -0.02 1.00
0.02 0.02 1.02 -10.04 -2.50 -0.02 1.00
0.02 0.02 1.02 -10.03 -2.50 -0.02 1.00
0.02 0.02 1.02 -10.02 -2.49 -0.02 1.00
0.02 0.02 1.01 -10.02 -2.49 -0.02 1.00
0.02 0.02 1.01 -10.02 -2.50 -0.02 1.00
0.02 0.02 1.01 -10.05 -2.52 -0.02 1.00
0.02 0.02 1.01 -10.05 -2.51 -0.02 1.00
0.02 0.02 1.01 -10.04 -2.53 -0.02 1.00
-0.02 0.02 0.02 1.01 -10.00 -2.47 1.00
-0.02 0.02 0.02 1.01 -10.00 -2.47 1.00
-0.02 0.02 0.02 1.02 -10.01 -2.50 1.00
-0.02 0.02 0.02 1.02 -10.01 -2.50 1.00
-0.02 0.02 0.02 1.02 -10.01 -2.52 1.00
-0.02 0.02 0.02 1.02 -10.01 -2.50 1.00
-0.02 0.02 0.02 1.02 -10.01 -2.49 1.00
-0.02 0.02 0.02 1.03 -10.03 -2.47 1.00
-0.02 0.02 0.02 1.03 -10.02 -2.48 1.00
-0.02 0.02 0.02 1.03 -10.04 -2.50 1.00
-10.02 -2.51 -0.02 0.02 0.02 1.01 1.00
-10.01 -2.50 -0.02 0.02 0.02 1.02 1.00
-10.00 -2.50 -0.02 0.02 0.02 1.02 1.00
-10.00 -2.51 -0.02 0.02 0.02 1.02 1.00
-10.02 -2.51 -0.02 0.02 0.02 1.02 1.00
-10.02 -2.51 -0.02 0.02 0.02 1.02 1.00
-10.03 -2.51 -0.02 0.02 0.02 1.02 1.00
-10.02 -2.49 -0.02 0.02 0.02 1.01 1.00
-10.03 -2.49 -0.02 0.02 0.02 1.02 1.00
-10.02 -2.49 -0.02 0.02 0.02 1.03 1.00
-0.02 0.02 0.01 1.01 -10.02 -2.55 1.00
-0.02 0.02 0.01 1.01 -10.02 -2.54 1.00
-0.02 0.02 0.02 1.02 -10.02 -2.52 1.00
-0.02 0.02 0.02 1.02 -10.02 -2.52 1.00
-0.02 0.02 0.02 1.02 -10.04 -2.51 1.00
-0.02 0.02 0.02 1.01 -10.04 -2.51 1.00
-0.02 0.02 0.02 1.01 -10.04 -2.50 1.00
-0.02 0.02 0.02 1.01 -10.03 -2.51 1.00
-0.02 0.02 0.02 1.00 -10.03 -2.52 1.00
-0.02 0.02 0.02 1.00 -10.03 -2.55 1.00
-10.02 -2.50 -0.02 0.02 0.02 1.03 1.00
-10.02 -2.50 -0.02 0.02 0.02 1.03 1.00
-10.03 -2.50 -0.02 0.02 0.02 1.02 1.00
-10.03 -2.52 -0.02 0.02 0.02 1.02 1.00
-10.02 -2.51 -0.02 0.02 0.01 1.02 1.00
-10.01 -2.52 -0.02 0.02 0.02 1.02 1.00
-10.01 -2.51 -0.02 0.02 0.02 1.01 1.00
-10.02 -2.50 -0.02 0.02 0.02 1.00 1.00
-10.02 -2.51 -0.02 0.02 0.02 1.02 1.00
-10.04 -2.51 -0.02 0.02 0.02 1.02 1.00
-0.02 0.03 0.01 1.01 -10.00 -2.46 1.00
-0.02 0.02 0.01 1.02 -10.01 -2.47 1.00
-0.02 0.02 0.01 1.03 -10.02 -2.47 1.00
-0.02 0.02 0.01 1.02 -10.02 -2.47 1.00
-0.02 0.02 0.02 1.03 -9.99 -2.47 1.00
-0.02 0.02 0.02 1.03 -9.99 -2.46 1.00
-0.02 0.02 0.02 1.03 -10.00 -2.45 1.00
-0.02 0.02 0.02 1.02 -10.01 -2.45 1.00
-0.02 0.02 0.02 1.02 -10.01 -2.45 1.00
-0.02 0.02 0.02 1.02 -10.01 -2.44 1.00
-0.02 0.02 0.02 1.02 -10.05 -2.50 1.00
-0.02 0.02 0.02 1.01 -10.05 -2.50 1.00
-0.02 0.02 0.02 1.01 -10.04 -2.51 1.00
-0.02 0.02 0.02 1.01 -10.04 -2.51 1.00
-0.02 0.03 0.01 1.00 -10.03 -2.51 1.00
-0.02 0.02 0.01 1.00 -10.02 -2.51 1.00
-0.02 0.02 0.01 1.01 -10.02 -2.51 1.00
-0.02 0.03 0.01 1.00 -10.02 -2.50 1.00
-0.02 0.02 0.02 1.00 -10.01 -2.50 1.00
-0.02 0.02 0.02 1.01 -10.02 -2.50 1.00
0.02 1.01 -10.04 -2.49 -0.02 0.03 1.00
0.02 1.00 -10.03 -2.50 -0.02 0.02 1.00
0.02 1.00 -10.02 -2.48 -0.02 0.02 1.00
0.02 1.00 -10.02 -2.48 -0.02 0.02 1.00
0.02 1.02 -10.04 -2.49 -0.02 0.02 1.00
0.02 1.02 -10.03 -2.49 -0.02 0.02 1.00
0.02 1.03 -10.02 -2.50 -0.02 0.02 1.00
0.02 1.03 -10.02 -2.50 -0.02 0.02 1.00
0.02 1.03 -10.01 -2.48 -0.02 0.02 1.00
0.02 1.03 -10.03 -2.51 -0.02 0.02 1.00
0.02 0.02 1.01 -10.02 -2.50 -0.02 1.00
0.02 0.02 1.01 -10.01 -2.51 -0.02 1.00
0.02 0.02 1.02 -10.01 -2.53 -0.02 1.00
0.02 0.02 1.03 -10.03 -2.52 -0.02 1.00
0.02 0.02 1.01 -10.03 -2.51 -0.02 1.00
0.02 0.02 1.01 -10.01 -2.49 -0.02 1.00
0.02 0.02 1.01 -10.04 -2.49 -0.02 1.00
0.02 0.02 1.02 -10.05 -2.49 -0.02 1.00
0.02 0.02 1.02 -10.04 -2.50 -0.02 1.00
0.02 0.02 1.02 -10.03 -2.49 -0.02 1.00
-0.02 0.02 0.02 1.03 -10.03 -2.50 1.00
-0.02 0.02 0.02 1.03 -10.03 -2.51 1.00
-0.02 0.02 0.02 1.03 -10.04 -2.51 1.00
-0.02 0.02 0.02 1.02 -10.03 -2.52 1.00
-0.02 0.02 0.02 1.01 -10.03 -2.51 1.00
-0.02 0.02 0.02 1.02 -10.02 -2.50 1.00
-0.02 0.02 0.02 1.02 -10.01 -2.50 1.00
-0.02 0.02 0.02 1.02 -10.01 -2.50 1.00
-0.02 0.02 0.02 1.01 -10.01 -2.50 1.00
-0.02 0.02 0.02 1.00 -10.03 -2.53 1.00
1.00 -10.02 -2.49 -0.02 0.02 0.02 1.00
1.01 -10.02 -2.49 -0.02 0.02 0.02 1.00
1.01 -10.02 -2.50 -0.02 0.02 0.02 1.00
1.00 -10.03 -2.49 -0.02 0.02 0.02 1.00
1.01 -10.04 -2.49 -0.02 0.02 0.02 1.00
1.01 -10.03 -2.49 -0.02 0.02 0.02 1.00
1.02 -10.02 -2.49 -0.02 0.02 0.02 1.00
1.02 -10.02 -2.49 -0.02 0.02 0.02 1.00
1.00 -10.01 -2.48 -0.02 0.02 0.02 1.00
1.01 -10.03 -2.49 -0.02 0.02 0.02 1.00
-2.51 -0.02 0.02 0.02 1.00 -10.04 1.00
-2.49 -0.02 0.02 0.02 1.00 -10.03 1.00
-2.48 -0.02 0.02 0.02 1.00 -10.04 1.00
-2.49 -0.02 0.02 0.02 0.99 -10.03 1.00
-2.50 -0.02 0.02 0.02 1.00 -10.03 1.00
-2.50 -0.02 0.02 0.02 1.01 -10.02 1.00
-2.51 -0.02 0.02 0.02 1.01 -10.01 1.00
-2.51 -0.02 0.02 0.02 1.00 -10.01 1.00
-2.51 -0.02 0.02 0.02 1.00 -10.02 1.00
-2.51 -0.02 0.02 0.02 1.00 -10.01 1.00
0.01 1.03 9.63 -1.08 -0.03 0.02 1.00
0.01 1.04 9.63 -1.13 -0.03 0.02 1.00
0.01 1.05 9.62 -1.16 -0.03 0.02 1.00
0.01 1.05 9.60 -1.20 -0.04 0.02 1.00
0.01 1.07 9.61 -1.23 -0.04 0.02 1.00
0.01 1.06 9.60 -1.27 -0.04 0.02 1.00
0.01 1.06 9.61 -1.27 -0.03 0.02 1.00
0.01 1.03 9.61 -1.28 -0.03 0.03 1.00
0.01 1.02 9.61 -1.27 -0.03 0.03 1.00
0.02 1.02 9.60 -1.24 -0.02 0.03 1.00
0.02 0.02 1.12 9.59 -1.22 -0.02 1.00
0.02 0.02 1.13 9.59 -1.22 -0.02 1.00
0.02 0.02 1.13 9.58 -1.22 -0.02 1.00
0.02 0.02 1.13 9.58 -1.22 -0.02 1.00
0.02 0.02 1.13 9.58 -1.22 -0.02 1.00
0.02 0.02 1.13 9.59 -1.24 -0.02 1.00
0.02 0.02 1.13 9.60 -1.23 -0.02 1.00
0.02 0.02 1.14 9.60 -1.22 -0.02 1.00
0.02 0.02 1.13 9.60 -1.23 -0.02 1.00
0.03 0.02 1.13 9.59 -1.24 -0.02 1.00
9.59 -1.24 -0.02 0.02 0.02 1.11 1.00
9.60 -1.24 -0.02 0.02 0.02 1.12 1.00
9.59 -1.23 -0.02 0.02 0.02 1.13 1.00
9.59 -1.24 -0.02 0.02 0.02 1.13 1.00
9.61 -1.24 -0.02 0.02 0.02 1.14 1.00
9.62 -1.22 -0.02 0.02 0.02 1.15 1.00
9.61 -1.23 -0.02 0.02 0.02 1.14 1.00
9.62 -1.23 -0.02 0.02 0.02 1.14 1.00
9.63 -1.23 -0.02 0.02 0.02 1.12 1.00
9.61 -1.23 -0.02 0.02 0.02 1.12 1.00
0.02 1.12 9.60 -1.24 -0.02 0.02 1.00
0.02 1.11 9.61 -1.24 -0.02 0.02 1.00
0.02 1.10 9.61 -1.23 -0.02 0.02 1.00
0.02 1.11 9.62 -1.23 -0.02 0.02 1.00
0.02 1.10 9.61 -1.22 -0.02 0.02 1.00
0.02 1.12 9.60 -1.21 -0.02 0.02 1.00
0.02 1.13 9.60 -1.21 -0.02 0.02 1.00
0.02 1.12 9.59 -1.22 -0.02 0.02 1.00
0.02 1.12 9.59 -1.21 -0.02 0.02 1.00
0.02 1.13 9.59 -1.25 -0.02 0.02 1.00
-0.02 0.02 0.02 1.11 9.60 -1.20 1.00
-0.02 0.02 0.02 1.11 9.59 -1.21 1.00
-0.02 0.02 0.02 1.11 9.58 -1.23 1.00
-0.02 0.02 0.02 1.11 9.59 -1.24 1.00
-0.02 0.02 0.02 1.12 9.61 -1.24 1.00
-0.02 0.02 0.02 1.11 9.61 -1.23 1.00
-0.02 0.02 0.02 1.11 9.62 -1.22 1.00
-0.02 0.02 0.02 1.13 9.61 -1.24 1.00
-0.02 0.02 0.02 1.13 9.61 -1.23 1.00
-0.02 0.02 0.02 1.11 9.60 -1.24 1.00
0.02 0.02 1.11 9.59 -1.24 -0.02 1.00
0.02 0.02 1.11 9.61 -1.23 -0.02 1.00
0.02 0.02 1.11 9.61 -1.22 -0.02 1.00
0.02 0.02 1.13 9.61 -1.24 -0.02 1.00
0.02 0.02 1.13 9.61 -1.24 -0.02 1.00
0.03 0.02 1.13 9.61 -1.24 -0.02 1.00
0.02 0.02 1.13 9.59 -1.23 -0.02 1.00
0.02 0.02 1.12 9.59 -1.23 -0.02 1.00
0.02 0.02 1.11 9.60 -1.22 -0.02 1.00
0.02 0.02 1.11 9.62 -1.22 -0.02 1.00
1.11 9.60 -1.23 -0.02 0.02 0.02 1.00
1.12 9.61 -1.22 -0.02 0.02 0.02 1.00
1.11 9.62 -1.23 -0.02 0.02 0.02 1.00
1.11 9.62 -1.22 -0.02 0.02 0.02 1.00
1.11 9.61 -1.23 -0.02 0.02 0.02 1.00
1.12 9.59 -1.26 -0.02 0.02 0.02 1.00
1.13 9.59 -1.25 -0.02 0.02 0.02 1.00
1.13 9.60 -1.25 -0.02 0.02 0.02 1.00
1.12 9.59 -1.24 -0.02 0.02 0.02 1.00
1.13 9.59 -1.25 -0.02 0.02 0.02 1.00
-0.02 0.02 0.02 1.11 9.60 -1.23 1.00
-0.02 0.02 0.02 1.12 9.61 -1.23 1.00
-0.02 0.02 0.02 1.12 9.60 -1.21 1.00
-0.02 0.03 0.02 1.13 9.60 -1.23 1.00
-0.02 0.03 0.02 1.12 9.61 -1.21 1.00
-0.02 0.03 0.02 1.12 9.60 -1.21 1.00
-0.02 0.02 0.02 1.13 9.60 -1.21 1.00
-0.02 0.02 0.02 1.11 9.60 -1.23 1.00
-0.02 0.02 0.02 1.12 9.60 -1.22 1.00
-0.02 0.02 0.02 1.12 9.59 -1.24 1.00
1.12 9.61 -1.24 -0.02 0.02 0.02 1.00
1.13 9.60 -1.24 -0.02 0.02 0.02 1.00
1.13 9.60 -1.24 -0.02 0.02 0.02 1.00
1.13 9.58 -1.22 -0.02 0.02 0.02 1.00
1.14 9.59 -1.22 -0.02 0.02 0.02 1.00
1.13 9.60 -1.23 -0.02 0.02 0.02 1.00
1.13 9.59 -1.24 -0.02 0.02 0.02 1.00
1.12 9.59 -1.21 -0.02 0.02 0.02 1.00
1.12 9.59 -1.21 -0.02 0.02 0.02 1.00
1.13 9.60 -1.22 -0.02 0.02 0.01 1.00
1.13 9.58 -1.24 -0.02 0.02 0.02 1.00
1.13 9.59 -1.21 -0.02 0.02 0.02 1.00
1.12 9.61 -1.21 -0.02 0.02 0.02 1.00
1.13 9.62 -1.23 -0.02 0.02 0.02 1.00
1.13 9.62 -1.23 -0.02 0.02 0.02 1.00
1.14 9.60 -1.22 -0.02 0.02 0.02 1.00
1.12 9.59 -1.20 -0.02 0.03 0.02 1.00
1.11 9.59 -1.19 -0.02 0.03 0.02 1.00
1.10 9.60 -1.20 -0.02 0.02 0.02 1.00
1.10 9.60 -1.20 -0.02 0.02 0.02 1.00
0.02 1.13 9.61 -1.24 -0.02 0.02 1.00
0.02 1.12 9.60 -1.24 -0.02 0.02 1.00
0.02 1.10 9.60 -1.23 -0.02 0.02 1.00
0.02 1.11 9.60 -1.24 -0.02 0.02 1.00
0.02 1.11 9.60 -1.24 -0.02 0.02 1.00
0.02 1.10 9.59 -1.22 -0.02 0.02 1.00
0.02 1.10 9.58 -1.21 -0.02 0.02 1.00
0.02 1.11 9.59 -1.23 -0.02 0.02 1.00
0.02 1.11 9.59 -1.22 -0.02 0.02 1.00
0.02 1.11 9.59 -1.22 -0.02 0.02 1.00
0.02 0.02 1.11 9.59 -1.22 -0.02 1.00
0.02 0.02 1.10 9.59 -1.22 -0.02 1.00
0.02 0.02 1.10 9.59 -1.25 -0.02 1.00
0.02 0.02 1.11 9.58 -1.25 -0.02 1.00
0.02 0.02 1.11 9.57 -1.25 -0.02 1.00
0.02 0.02 1.11 9.58 -1.24 -0.02 1.00
0.02 0.02 1.10 9.60 -1.23 -0.02 1.00
0.02 0.02 1.10 9.60 -1.24 -0.02 1.00
0.02 0.02 1.12 9.60 -1.24 -0.02 1.00
0.02 0.02 1.13 9.59 -1.25 -0.02 1.00
-1.22 -0.02 0.02 0.02 1.11 9.59 1.00
-1.20 -0.02 0.02 0.02 1.11 9.60 1.00
-1.19 -0.02 0.02 0.02 1.12 9.60 1.00
-1.19 -0.02 0.02 0.02 1.11 9.60 1.00
-1.20 -0.02 0.02 0.02 1.12 9.58 1.00
-1.21 -0.02 0.02 0.02 1.13 9.59 1.00
-1.22 -0.02 0.02 0.02 1.12 9.60 1.00
-1.23 -0.02 0.02 0.02 1.12 9.61 1.00
-1.23 -0.02 0.02 0.02 1.12 9.61 1.00
-1.24 -0.02 0.02 0.02 1.10 9.60 1.00
0.03 0.02 1.13 9.60 -1.24 -0.02 1.00
0.02 0.02 1.12 9.60 -1.22 -0.02 1.00
0.02 0.02 1.13 9.59 -1.22 -0.02 1.00
0.02 0.02 1.13 9.58 -1.23 -0.02 1.00
0.02 0.02 1.12 9.59 -1.23 -0.02 1.00
0.02 0.02 1.12 9.59 -1.24 -0.02 1.00
0.02 0.02 1.13 9.59 -1.23 -0.02 1.00
0.02 0.02 1.13 9.61 -1.21 -0.02 1.00
0.02 0.02 1.13 9.61 -1.21 -0.02 1.00
0.02 0.01 1.13 9.61 -1.22 -0.02 1.00
9.60 -1.21 -0.02 0.02 0.02 1.12 1.00
9.60 -1.21 -0.02 0.02 0.02 1.12 1.00
9.60 -1.19 -0.02 0.02 0.02 1.13 1.00
9.60 -1.18 -0.02 0.02 0.02 1.13 1.00
9.59 -1.18 -0.02 0.02 0.02 1.12 1.00
9.59 -1.20 -0.02 0.02 0.02 1.12 1.00
9.59 -1.21 -0.02 0.02 0.02 1.13 1.00
9.59 -1.23 -0.02 0.02 0.02 1.11 1.00
9.60 -1.23 -0.02 0.02 0.02 1.12 1.00
9.60 -1.24 -0.02 0.02 0.02 1.11 1.00
0.02 0.02 1.13 9.59 -1.24 -0.02 1.00
0.02 0.02 1.13 9.60 -1.23 -0.02 1.00
0.02 0.02 1.13 9.61 -1.22 -0.02 1.00
0.02 0.02 1.13 9.61 -1.25 -0.02 1.00
0.02 0.02 1.12 9.63 -1.27 -0.02 1.00
0.02 0.02 1.11 9.61 -1.26 -0.02 1.00
0.02 0.02 1.10 9.60 -1.23 -0.02 1.00
0.02 0.02 1.10 9.61 -1.24 -0.02 1.00
0.02 0.02 1.11 9.61 -1.24 -0.02 1.00
0.02 0.02 1.11 9.61 -1.22 -0.02 1.00
-0.02 0.02 0.02 1.11 9.58 -1.23 1.00
-0.02 0.02 0.02 1.11 9.59 -1.21 1.00
-0.02 0.02 0.02 1.12 9.60 -1.22 1.00
-0.02 0.02 0.02 1.10 9.61 -1.23 1.00
-0.02 0.02 0.02 1.11 9.61 -1.25 1.00
-0.02 0.02 0.02 1.11 9.61 -1.24 1.00
-0.02 0.02 0.02 1.11 9.61 -1.24 1.00
-0.02 0.02 0.02 1.12 9.60 -1.24 1.00
-0.02 0.02 0.02 1.10 9.60 -1.23 1.00
-0.02 0.02 0.02 1.10 9.59 -1.23 1.00
1.10 9.61 -1.25 -0.02 0.02 0.02 1.00
1.11 9.60 -1.26 -0.02 0.02 0.02 1.00
1.11 9.60 -1.27 -0.02 0.02 0.02 1.00
1.12 9.61 -1.25 -0.02 0.02 0.02 1.00
1.13 9.61 -1.25 -0.02 0.02 0.02 1.00
1.13 9.62 -1.24 -0.02 0.02 0.02 1.00
1.12 9.63 -1.25 -0.02 0.02 0.02 1.00
1.12 9.62 -1.24 -0.02 0.02 0.02 1.00
1.13 9.61 -1.23 -0.02 0.02 0.02 1.00
1.13 9.61 -1.24 -0.02 0.02 0.01 1.00
0.02 1.12 9.60 -1.21 -0.02 0.02 1.00
0.02 1.13 9.60 -1.22 -0.02 0.02 1.00
0.02 1.13 9.58 -1.22 -0.02 0.02 1.00
0.02 1.13 9.58 -1.20 -0.02 0.02 1.00
0.02 1.13 9.58 -1.20 -0.02 0.02 1.00
0.02 1.12 9.59 -1.21 -0.02 0.02 1.00
0.02 1.11 9.59 -1.22 -0.02 0.02 1.00
0.02 1.12 9.59 -1.22 -0.02 0.02 1.00
0.02 1.13 9.58 -1.23 -0.02 0.02 1.00
0.02 1.13 9.58 -1.23 -0.02 0.02 1.00
0.02 1.11 9.59 -1.22 -0.02 0.02 1.00
0.02 1.10 9.59 -1.22 -0.02 0.02 1.00
0.02 1.09 9.61 -1.24 -0.02 0.02 1.00
0.02 1.09 9.61 -1.24 -0.02 0.02 1.00
0.02 1.10 9.60 -1.23 -0.02 0.02 1.00
0.02 1.12 9.58 -1.22 -0.02 0.02 1.00
0.02 1.12 9.57 -1.22 -0.02 0.02 1.00
0.02 1.12 9.60 -1.22 -0.02 0.02 1.00
0.02 1.12 9.60 -1.22 -0.02 0.02 1.00
0.02 1.11 9.61 -1.23 -0.02 0.02 1.00
-0.02 0.02 0.02 1.12 9.61 -1.23 1.00
-0.02 0.02 0.02 1.12 9.61 -1.23 1.00
-0.02 0.02 0.02 1.12 9.61 -1.22 1.00
-0.02 0.02 0.02 1.11 9.60 -1.22 1.00
-0.02 0.02 0.02 1.10 9.59 -1.23 1.00
-0.02 0.02 0.02 1.10 9.60 -1.23 1.00
-0.02 0.02 0.02 1.10 9.60 -1.23 1.00
-0.02 0.02 0.02 1.12 9.59 -1.21 1.00
-0.02 0.02 0.02 1.13 9.59 -1.20 1.00
-0.02 0.02 0.02 1.12 9.59 -1.21 1.00
-0.02 0.02 0.02 1.12 9.59 -1.24 1.00
-0.02 0.02 0.02 1.13 9.58 -1.24 1.00
-0.02 0.02 0.02 1.13 9.59 -1.22 1.00
-0.02 0.03 0.02 1.13 9.59 -1.22 1.00
-0.02 0.03 0.02 1.12 9.60 -1.23 1.00
-0.02 0.02 0.02 1.11 9.60 -1.22 1.00
-0.02 0.02 0.02 1.12 9.61 -1.22 1.00
-0.02 0.02 0.02 1.13 9.60 -1.22 1.00
-0.02 0.02 0.02 1.12 9.59 -1.23 1.00
-0.02 0.02 0.02 1.12 9.59 -1.24 1.00
0.02 1.03 -10.03 -2.36 -0.02 0.02 1.00
0.02 1.04 -10.03 -2.39 -0.02 0.02 1.00
0.02 1.04 -10.04 -2.38 -0.02 0.02 1.00
0.02 1.02 -10.03 -2.39 -0.02 0.02 1.00
0.02 1.01 -10.03 -2.40 -0.02 0.02 1.00
0.02 1.02 -10.03 -2.39 -0.02 0.02 1.00
0.02 1.02 -10.03 -2.39 -0.02 0.02 1.00
0.02 1.01 -10.05 -2.40 -0.02 0.02 1.00
0.02 1.01 -10.06 -2.41 -0.02 0.02 1.00
0.02 1.02 -10.05 -2.40 -0.02 0.02 1.00
-10.05 -2.39 -0.02 0.02 0.02 1.02 1.00
-10.05 -2.39 -0.02 0.02 0.02 1.03 1.00
-10.05 -2.38 -0.02 0.02 0.02 1.03 1.00
-10.06 -2.37 -0.02 0.02 0.02 1.02 1.00
-10.05 -2.37 -0.02 0.02 0.02 1.02 1.00
-10.03 -2.36 -0.02 0.02 0.02 1.03 1.00
-10.03 -2.37 -0.02 0.02 0.02 1.03 1.00
-10.04 -2.38 -0.02 0.02 0.02 1.03 1.00
-10.05 -2.39 -0.02 0.02 0.02 1.02 1.00
-10.05 -2.38 -0.02 0.02 0.02 1.02 1.00
-2.38 -0.02 0.02 0.02 1.03 -10.02 1.00
-2.36 -0.02 0.02 0.02 1.02 -10.02 1.00
-2.38 -0.02 0.02 0.02 1.02 -10.04 1.00
-2.39 -0.02 0.02 0.02 1.02 -10.04 1.00
-2.41 -0.02 0.02 0.02 1.03 -10.04 1.00
-2.40 -0.02 0.02 0.02 1.02 -10.04 1.00
-2.42 -0.02 0.02 0.02 1.03 -10.05 1.00
-2.42 -0.02 0.02 0.02 1.03 -10.05 1.00
-2.39 -0.02 0.02 0.02 1.03 -10.05 1.00
-2.37 -0.02 0.02 0.02 1.02 -10.05 1.00
1.03 -10.02 -2.38 -0.02 0.02 0.02 1.00
1.03 -10.02 -2.38 -0.02 0.02 0.02 1.00
1.03 -10.03 -2.38 -0.02 0.02 0.02 1.00
1.02 -10.03 -2.38 -0.02 0.02 0.02 1.00
1.02 -10.03 -2.36 -0.02 0.02 0.02 1.00
1.02 -10.04 -2.35 -0.02 0.02 0.02 1.00
1.02 -10.04 -2.36 -0.02 0.02 0.02 1.00
1.02 -10.04 -2.35 -0.02 0.02 0.02 1.00
1.02 -10.04 -2.34 -0.02 0.02 0.02 1.00
1.02 -10.03 -2.35 -0.02 0.02 0.02 1.00
1.03 -10.04 -2.38 -0.02 0.02 0.02 1.00
1.03 -10.05 -2.38 -0.02 0.02 0.02 1.00
1.02 -10.05 -2.39 -0.02 0.02 0.02 1.00
1.02 -10.04 -2.37 -0.02 0.02 0.02 1.00
1.02 -10.04 -2.37 -0.02 0.02 0.02 1.00
1.01 -10.05 -2.38 -0.02 0.02 0.02 1.00
1.02 -10.06 -2.40 -0.02 0.02 0.02 1.00
1.03 -10.06 -2.40 -0.02 0.02 0.02 1.00
1.02 -10.05 -2.42 -0.02 0.02 0.02 1.00
1.02 -10.04 -2.42 -0.02 0.02 0.02 1.00
0.03 0.02 1.03 -10.05 -2.36 -0.02 1.00
0.03 0.02 1.02 -10.05 -2.37 -0.02 1.00
0.02 0.02 1.02 -10.05 -2.36 -0.02 1.00
0.03 0.02 1.01 -10.05 -2.36 -0.02 1.00
0.02 0.02 1.02 -10.05 -2.36 -0.02 1.00
0.02 0.02 1.02 -10.05 -2.38 -0.02 1.00
0.02 0.02 1.02 -10.05 -2.38 -0.02 1.00
0.02 0.01 1.02 -10.04 -2.38 -0.02 1.00
0.02 0.02 1.02 -10.03 -2.40 -0.02 1.00
0.02 0.01 1.02 -10.03 -2.42 -0.02 1.00
-0.02 0.02 0.02 1.02 -10.06 -2.39 1.00
-0.02 0.02 0.02 1.01 -10.06 -2.37 1.00
-0.02 0.02 0.02 1.02 -10.05 -2.37 1.00
-0.02 0.02 0.02 1.01 -10.04 -2.38 1.00
-0.02 0.02 0.02 1.01 -10.06 -2.37 1.00
-0.02 0.02 0.02 1.01 -10.06 -2.37 1.00
-0.02 0.02 0.02 1.02 -10.05 -2.37 1.00
-0.02 0.02 0.02 1.02 -10.04 -2.39 1.00
-0.02 0.02 0.02 1.02 -10.04 -2.39 1.00
-0.02 0.02 0.02 1.04 -10.04 -2.41 1.00
0.02 1.02 -10.05 -2.40 -0.02 0.02 1.00
0.02 1.02 -10.04 -2.39 -0.02 0.02 1.00
0.02 1.02 -10.04 -2.41 -0.02 0.02 1.00
0.02 1.02 -10.05 -2.39 -0.02 0.02 1.00
0.02 1.03 -10.04 -2.39 -0.02 0.02 1.00
0.02 1.03 -10.03 -2.38 -0.02 0.02 1.00
0.02 1.03 -10.03 -2.38 -0.02 0.02 1.00
0.02 1.02 -10.03 -2.38 -0.02 0.02 1.00
0.02 1.02 -10.04 -2.40 -0.02 0.02 1.00
0.02 1.02 -10.04 -2.39 -0.02 0.02 1.00
-2.38 -0.02 0.02 0.01 1.01 -10.05 1.00
-2.38 -0.02 0.02 0.02 1.02 -10.04 1.00
-2.37 -0.02 0.02 0.02 1.04 -10.04 1.00
-2.37 -0.02 0.02 0.02 1.03 -10.04 1.00
-2.38 -0.02 0.02 0.02 1.03 -10.05 1.00
-2.39 -0.02 0.02 0.02 1.02 -10.04 1.00
-2.39 -0.02 0.02 0.02 1.02 -10.02 1.00
-2.41 -0.02 0.02 0.02 1.04 -10.02 1.00
-2.42 -0.02 0.02 0.02 1.03 -10.03 1.00
-2.41 -0.02 0.02 0.02 1.01 -10.05 1.00
-2.40 -0.02 0.02 0.02 1.02 -10.04 1.00
-2.39 -0.02 0.02 0.02 1.02 -10.05 1.00
-2.40 -0.02 0.02 0.02 1.01 -10.05 1.00
-2.38 -0.02 0.02 0.02 1.00 -10.05 1.00
-2.38 -0.02 0.02 0.02 1.00 -10.04 1.00
-2.40 -0.02 0.02 0.02 1.01 -10.05 1.00
-2.39 -0.02 0.02 0.02 1.02 -10.05 1.00
-2.38 -0.02 0.02 0.02 1.02 -10.05 1.00
-2.38 -0.02 0.02 0.02 1.02 -10.05 1.00
-2.38 -0.02 0.02 0.02 1.02 -10.04 1.00
1.03 -10.04 -2.41 -0.02 0.02 0.02 1.00
1.04 -10.05 -2.40 -0.02 0.02 0.02 1.00
1.03 -10.05 -2.40 -0.02 0.02 0.02 1.00
1.03 -10.05 -2.43 -0.02 0.02 0.02 1.00
1.02 -10.05 -2.43 -0.02 0.02 0.02 1.00
1.02 -10.03 -2.41 -0.02 0.02 0.02 1.00
1.02 -10.03 -2.40 -0.02 0.02 0.02 1.00
1.02 -10.03 -2.40 -0.02 0.02 0.02 1.00
1.03 -10.03 -2.40 -0.02 0.02 0.02 1.00
1.04 -10.04 -2.41 -0.02 0.02 0.02 1.00
0.02 0.02 -9.40 -0.26 -0.58 -0.02 0.00
0.02 0.02 -9.40 -0.26 -0.58 -0.02 0.00
0.02 0.02 -9.39 -0.25 -0.58 -0.02 0.00
0.02 0.02 -9.38 -0.26 -0.60 -0.02 0.00
0.03 0.02 -9.38 -0.25 -0.61 -0.02 0.00
0.02 0.02 -9.38 -0.25 -0.61 -0.02 0.00
0.02 0.02 -9.39 -0.26 -0.60 -0.02 0.00
0.02 0.02 -9.39 -0.26 -0.61 -0.02 0.00
0.02 0.02 -9.39 -0.27 -0.61 -0.02 0.00
0.02 0.02 -9.39 -0.25 -0.61 -0.02 0.00
-9.37 -0.24 -0.58 -0.02 0.02 0.02 0.00
-9.38 -0.24 -0.58 -0.02 0.02 0.02 0.00
-9.38 -0.26 -0.58 -0.02 0.02 0.02 0.00
-9.39 -0.27 -0.57 -0.02 0.02 0.02 0.00
-9.40 -0.27 -0.57 -0.02 0.02 0.02 0.00
-9.40 -0.26 -0.57 -0.02 0.02 0.02 0.00
-9.39 -0.27 -0.59 -0.02 0.02 0.02 0.00
-9.39 -0.25 -0.59 -0.02 0.02 0.02 0.00
-9.39 -0.24 -0.59 -0.02 0.02 0.02 0.00
-9.39 -0.26 -0.59 -0.02 0.02 0.02 0.00
-0.25 -0.55 -0.02 0.02 0.02 -9.40 0.00
-0.26 -0.56 -0.02 0.02 0.02 -9.39 0.00
-0.27 -0.58 -0.02 0.02 0.02 -9.40 0.00
-0.28 -0.59 -0.02 0.02 0.02 -9.41 0.00
-0.26 -0.56 -0.02 0.02 0.02 -9.41 0.00
-0.26 -0.59 -0.02 0.02 0.02 -9.40 0.00
-0.26 -0.59 -0.02 0.02 0.02 -9.40 0.00
-0.26 -0.61 -0.02 0.02 0.02 -9.41 0.00
-0.25 -0.60 -0.02 0.02 0.02 -9.40 0.00
-0.25 -0.58 -0.02 0.02 0.02 -9.40 0.00
-0.02 0.02 0.02 -9.39 -0.27 -0.59 0.00
-0.02 0.02 0.02 -9.40 -0.26 -0.59 0.00
-0.02 0.02 0.02 -9.40 -0.26 -0.60 0.00
-0.02 0.02 0.02 -9.39 -0.26 -0.60 0.00
-0.02 0.02 0.02 -9.40 -0.27 -0.59 0.00
-0.02 0.02 0.02 -9.42 -0.27 -0.60 0.00
-0.02 0.02 0.02 -9.42 -0.27 -0.60 0.00
-0.02 0.02 0.02 -9.42 -0.25 -0.60 0.00
-0.02 0.02 0.02 -9.42 -0.26 -0.61 0.00
-0.02 0.02 0.02 -9.40 -0.25 -0.60 0.00
0.02 -9.38 -0.25 -0.60 -0.02 0.02 0.00
0.02 -9.38 -0.26 -0.60 -0.02 0.02 0.00
0.02 -9.38 -0.26 -0.60 -0.02 0.02 0.00
0.02 -9.38 -0.25 -0.61 -0.02 0.02 0.00
0.02 -9.39 -0.25 -0.60 -0.02 0.02 0.00
0.02 -9.39 -0.24 -0.60 -0.02 0.02 0.00
0.02 -9.38 -0.25 -0.59 -0.02 0.02 0.00
0.02 -9.38 -0.25 -0.60 -0.02 0.02 0.00
0.02 -9.38 -0.27 -0.58 -0.02 0.02 0.00
0.02 -9.39 -0.26 -0.60 -0.02 0.02 0.00
-9.40 -0.27 -0.59 -0.02 0.02 0.02 0.00
-9.39 -0.27 -0.60 -0.02 0.02 0.02 0.00
-9.38 -0.27 -0.58 -0.02 0.02 0.02 0.00
-9.38 -0.27 -0.57 -0.02 0.02 0.02 0.00
-9.37 -0.25 -0.57 -0.02 0.02 0.02 0.00
-9.39 -0.25 -0.58 -0.02 0.02 0.02 0.00
-9.39 -0.25 -0.59 -0.02 0.02 0.02 0.00
-9.39 -0.25 -0.59 -0.02 0.02 0.02 0.00
-9.39 -0.27 -0.58 -0.02 0.02 0.02 0.00
-9.39 -0.26 -0.57 -0.02 0.02 0.02 0.00
-0.25 -0.58 -0.02 0.02 0.02 -9.38 0.00
-0.24 -0.59 -0.02 0.02 0.02 -9.38 0.00
-0.24 -0.59 -0.02 0.02 0.02 -9.38 0.00
-0.26 -0.58 -0.02 0.02 0.02 -9.37 0.00
-0.26 -0.58 -0.02 0.02 0.02 -9.36 0.00
-0.24 -0.59 -0.02 0.02 0.02 -9.38 0.00
-0.26 -0.58 -0.02 0.02 0.02 -9.39 0.00
-0.26 -0.57 -0.02 0.02 0.02 -9.38 0.00
-0.25 -0.60 -0.02 0.02 0.02 -9.38 0.00
-0.24 -0.60 -0.02 0.02 0.02 -9.39 0.00
-0.25 -0.58 -0.02 0.02 0.02 -9.40 0.00
-0.25 -0.58 -0.02 0.02 0.02 -9.39 0.00
-0.26 -0.59 -0.02 0.02 0.02 -9.40 0.00
-0.26 -0.58 -0.02 0.02 0.01 -9.39 0.00
-0.25 -0.60 -0.02 0.02 0.02 -9.39 0.00
-0.26 -0.62 -0.02 0.02 0.01 -9.40 0.00
-0.26 -0.63 -0.02 0.02 0.02 -9.40 0.00
-0.26 -0.63 -0.02 0.02 0.02 -9.38 0.00
-0.26 -0.61 -0.02 0.02 0.02 -9.39 0.00
-0.25 -0.61 -0.02 0.02 0.02 -9.40 0.00
-0.02 0.02 0.02 -9.37 -0.27 -0.60 0.00
-0.02 0.02 0.02 -9.38 -0.26 -0.62 0.00
-0.02 0.02 0.02 -9.38 -0.27 -0.61 0.00
-0.02 0.02 0.02 -9.40 -0.26 -0.60 0.00
-0.02 0.02 0.02 -9.41 -0.25 -0.60 0.00
-0.02 0.02 0.02 -9.41 -0.25 -0.59 0.00
-0.02 0.02 0.02 -9.42 -0.26 -0.60 0.00
-0.02 0.02 0.02 -9.43 -0.25 -0.58 0.00
-0.02 0.02 0.02 -9.41 -0.25 -0.58 0.00
-0.02 0.02 0.02 -9.41 -0.25 -0.58 0.00
0.02 -9.39 -0.24 -0.59 -0.02 0.02 0.00
0.02 -9.39 -0.25 -0.60 -0.02 0.02 0.00
0.02 -9.40 -0.24 -0.58 -0.02 0.02 0.00
0.02 -9.40 -0.26 -0.58 -0.02 0.02 0.00
0.02 -9.40 -0.27 -0.58 -0.02 0.02 0.00
0.02 -9.39 -0.27 -0.59 -0.02 0.02 0.00
0.02 -9.39 -0.26 -0.60 -0.02 0.02 0.00
0.02 -9.39 -0.27 -0.61 -0.02 0.02 0.00
0.02 -9.39 -0.27 -0.61 -0.02 0.02 0.00
0.02 -9.39 -0.26 -0.63 -0.02 0.02 0.00
-0.58 -0.02 0.02 0.02 -9.37 -0.26 0.00
-0.59 -0.02 0.02 0.02 -9.38 -0.26 0.00
-0.62 -0.02 0.02 0.02 -9.39 -0.26 0.00
-0.62 -0.02 0.02 0.02 -9.39 -0.25 0.00
-0.61 -0.02 0.02 0.02 -9.39 -0.26 0.00
-0.61 -0.02 0.02 0.02 -9.38 -0.26 0.00
-0.60 -0.02 0.02 0.02 -9.38 -0.26 0.00
-0.60 -0.02 0.02 0.02 -9.39 -0.28 0.00
-0.60 -0.02 0.02 0.02 -9.38 -0.28 0.00
-0.59 -0.02 0.02 0.02 -9.39 -0.25 0.00
-0.02 0.02 0.02 -9.39 -0.25 -0.58 0.00
-0.02 0.02 0.02 -9.39 -0.26 -0.57 0.00
-0.02 0.02 0.02 -9.40 -0.27 -0.57 0.00
-0.02 0.02 0.02 -9.40 -0.25 -0.59 0.00
-0.02 0.02 0.02 -9.39 -0.26 -0.60 0.00
-0.02 0.02 0.02 -9.38 -0.26 -0.61 0.00
-0.02 0.02 0.02 -9.38 -0.26 -0.60 0.00
-0.02 0.02 0.02 -9.38 -0.26 -0.59 0.00
-0.02 0.02 0.02 -9.39 -0.25 -0.59 0.00
-0.02 0.03 0.02 -9.38 -0.25 -0.58 0.00
-9.42 -0.27 -0.59 -0.02 0.02 0.02 0.00
-9.41 -0.27 -0.59 -0.02 0.02 0.02 0.00
-9.39 -0.25 -0.61 -0.02 0.02 0.02 0.00
-9.39 -0.26 -0.60 -0.02 0.02 0.02 0.00
-9.40 -0.26 -0.59 -0.02 0.02 0.02 0.00
-9.39 -0.27 -0.59 -0.02 0.02 0.02 0.00
-9.40 -0.26 -0.57 -0.02 0.02 0.02 0.00
-9.40 -0.26 -0.57 -0.02 0.02 0.02 0.00
-9.39 -0.26 -0.58 -0.02 0.02 0.02 0.00
-9.40 -0.26 -0.58 -0.02 0.02 0.02 0.00
-0.02 0.02 0.02 -9.39 -0.26 -0.60 0.00
-0.02 0.02 0.02 -9.39 -0.27 -0.61 0.00
-0.02 0.02 0.02 -9.40 -0.26 -0.59 0.00
-0.02 0.02 0.02 -9.40 -0.25 -0.59 0.00
-0.02 0.02 0.02 -9.40 -0.25 -0.58 0.00
-0.02 0.02 0.02 -9.40 -0.25 -0.59 0.00
-0.02 0.02 0.02 -9.39 -0.23 -0.59 0.00
-0.02 0.02 0.02 -9.39 -0.24 -0.60 0.00
-0.02 0.02 0.02 -9.38 -0.24 -0.59 0.00
-0.02 0.02 0.02 -9.39 -0.25 -0.59 0.00
-0.26 -0.60 -0.02 0.02 0.02 -9.39 0.00
-0.27 -0.58 -0.02 0.02 0.02 -9.38 0.00
-0.27 -0.57 -0.02 0.02 0.02 -9.39 0.00
-0.26 -0.55 -0.02 0.02 0.02 -9.39 0.00
-0.26 -0.56 -0.02 0.02 0.02 -9.39 0.00
-0.26 -0.58 -0.02 0.02 0.02 -9.39 0.00
-0.26 -0.59 -0.02 0.02 0.02 -9.38 0.00
-0.27 -0.59 -0.02 0.02 0.02 -9.38 0.00
-0.26 -0.59 -0.02 0.02 0.02 -9.39 0.00
-0.26 -0.59 -0.02 0.03 0.02 -9.40 0.00
-0.60 -0.02 0.02 0.02 -9.38 -0.27 0.00
-0.60 -0.02 0.02 0.02 -9.37 -0.27 0.00
-0.61 -0.02 0.02 0.02 -9.38 -0.26 0.00
-0.60 -0.02 0.02 0.02 -9.39 -0.25 0.00
-0.61 -0.02 0.02 0.02 -9.38 -0.25 0.00
-0.62 -0.02 0.02 0.02 -9.39 -0.25 0.00
-0.60 -0.02 0.02 0.02 -9.40 -0.24 0.00
-0.59 -0.02 0.02 0.02 -9.40 -0.24 0.00
-0.58 -0.02 0.02 0.02 -9.40 -0.25 0.00
-0.58 -0.02 0.02 0.02 -9.38 -0.27 0.00
-9.39 -0.27 -0.61 -0.02 0.02 0.02 0.00
-9.39 -0.27 -0.59 -0.02 0.02 0.02 0.00
-9.39 -0.28 -0.59 -0.02 0.02 0.02 0.00
-9.38 -0.27 -0.60 -0.02 0.02 0.02 0.00
-9.37 -0.28 -0.60 -0.02 0.02 0.02 0.00
-9.38 -0.27 -0.61 -0.02 0.02 0.02 0.00
-9.37 -0.27 -0.58 -0.02 0.02 0.02 0.00
-9.36 -0.27 -0.57 -0.02 0.02 0.02 0.00
-9.37 -0.26 -0.59 -0.02 0.02 0.02 0.00
-9.39 -0.26 -0.58 -0.02 0.02 0.02 0.00
-0.27 -0.59 -0.02 0.02 0.02 -9.37 0.00
-0.26 -0.59 -0.02 0.02 0.02 -9.37 0.00
-0.27 -0.59 -0.02 0.02 0.02 -9.37 0.00
-0.26 -0.59 -0.02 0.02 0.02 -9.37 0.00
-0.26 -0.58 -0.02 0.02 0.02 -9.38 0.00
-0.25 -0.59 -0.02 0.02 0.02 -9.39 0.00
-0.26 -0.57 -0.02 0.02 0.02 -9.39 0.00
-0.27 -0.55 -0.02 0.02 0.02 -9.39 0.00
-0.28 -0.54 -0.02 0.02 0.02 -9.38 0.00
-0.28 -0.55 -0.02 0.02 0.02 -9.39 0.00
0.02 -9.40 -0.27 -0.58 -0.02 0.02 0.00
0.02 -9.42 -0.27 -0.58 -0.02 0.02 0.00
0.02 -9.41 -0.28 -0.58 -0.02 0.02 0.00
0.02 -9.41 -0.28 -0.61 -0.02 0.02 0.00
0.02 -9.41 -0.28 -0.63 -0.02 0.02 0.00
0.02 -9.41 -0.27 -0.60 -0.02 0.02 0.00
0.02 -9.41 -0.27 -0.58 -0.02 0.02 0.00
0.02 -9.42 -0.27 -0.58 -0.02 0.02 0.00
0.02 -9.42 -0.28 -0.59 -0.02 0.02 0.00
0.02 -9.42 -0.27 -0.57 -0.02 0.02 0.00
0.02 0.02 -9.38 -0.26 -0.60 -0.02 0.00
0.02 0.02 -9.38 -0.27 -0.60 -0.02 0.00
0.02 0.02 -9.38 -0.27 -0.60 -0.02 0.00
0.02 0.02 -9.37 -0.27 -0.60 -0.02 0.00
0.02 0.02 -9.38 -0.26 -0.58 -0.02 0.00
0.02 0.02 -9.38 -0.27 -0.57 -0.02 0.00
0.02 0.02 -9.38 -0.26 -0.57 -0.02 0.00
0.03 0.02 -9.39 -0.25 -0.56 -0.02 0.00
0.03 0.02 -9.40 -0.26 -0.57 -0.02 0.00
0.02 0.02 -9.40 -0.27 -0.58 -0.02 0.00
0.02 -9.40 -0.26 -0.56 -0.02 0.02 0.00
0.02 -9.40 -0.26 -0.55 -0.02 0.02 0.00
0.02 -9.40 -0.27 -0.58 -0.02 0.02 0.00
0.02 -9.39 -0.26 -0.61 -0.02 0.02 0.00
0.02 -9.40 -0.26 -0.62 -0.02 0.02 0.00
0.02 -9.41 -0.27 -0.61 -0.02 0.02 0.00
0.02 -9.39 -0.27 -0.56 -0.02 0.02 0.00
0.02 -9.41 -0.27 -0.58 -0.02 0.02 0.00
0.02 -9.40 -0.26 -0.58 -0.02 0.02 0.00
0.02 -9.39 -0.25 -0.57 -0.02 0.02 0.00
-9.40 -0.27 -0.58 -0.02 0.02 0.02 0.00
-9.38 -0.26 -0.57 -0.02 0.02 0.02 0.00
-9.39 -0.26 -0.57 -0.02 0.02 0.02 0.00
-9.40 -0.26 -0.55 -0.02 0.02 0.02 0.00
-9.42 -0.26 -0.56 -0.02 0.02 0.02 0.00
-9.41 -0.25 -0.55 -0.02 0.02 0.02 0.00
-9.42 -0.26 -0.55 -0.02 0.02 0.02 0.00
-9.41 -0.26 -0.56 -0.02 0.02 0.02 0.00
-9.41 -0.26 -0.56 -0.02 0.02 0.02 0.00
-9.40 -0.26 -0.55 -0.02 0.02 0.02 0.00
-0.02 0.02 0.02 -9.41 -0.24 -0.61 0.00
-0.02 0.02 0.02 -9.40 -0.24 -0.60 0.00
-0.02 0.02 0.02 -9.40 -0.23 -0.59 0.00
-0.02 0.02 0.02 -9.39 -0.24 -0.57 0.00
-0.02 0.02 0.02 -9.39 -0.26 -0.58 0.00
-0.02 0.02 0.02 -9.39 -0.27 -0.56 0.00
-0.02 0.02 0.02 -9.39 -0.25 -0.57 0.00
-0.02 0.02 0.02 -9.38 -0.24 -0.59 0.00
-0.02 0.02 0.02 -9.38 -0.24 -0.60 0.00
-0.02 0.02 0.02 -9.39 -0.26 -0.59 0.00
0.02 -9.40 -0.26 -0.57 -0.02 0.02 0.00
0.02 -9.39 -0.24 -0.57 -0.02 0.02 0.00
0.02 -9.39 -0.25 -0.59 -0.02 0.03 0.00
0.02 -9.40 -0.25 -0.59 -0.02 0.02 0.00
0.02 -9.39 -0.26 -0.59 -0.02 0.02 0.00
0.02 -9.39 -0.25 -0.60 -0.02 0.02 0.00
0.02 -9.39 -0.26 -0.62 -0.02 0.02 0.00
0.02 -9.40 -0.27 -0.62 -0.02 0.02 0.00
0.02 -9.40 -0.27 -0.62 -0.02 0.02 0.00
0.02 -9.39 -0.27 -0.62 -0.02 0.02 0.00
0.02 0.02 1.72 -0.43 8.71 -0.02 1.00
0.02 0.02 1.72 -0.43 8.70 -0.02 1.00
0.02 0.02 1.72 -0.42 8.71 -0.02 1.00
0.02 0.02 1.72 -0.43 8.72 -0.02 1.00
0.02 0.02 1.74 -0.45 8.71 -0.02 1.00
0.02 0.02 1.73 -0.44 8.70 -0.02 1.00
0.02 0.02 1.71 -0.46 8.69 -0.02 1.00
0.02 0.02 1.71 -0.46 8.69 -0.02 1.00
0.02 0.02 1.72 -0.46 8.70 -0.02 1.00
0.02 0.02 1.71 -0.45 8.70 -0.02 1.00
-0.43 8.69 -0.02 0.02 0.02 1.71 1.00
-0.45 8.70 -0.02 0.02 0.02 1.71 1.00
-0.44 8.70 -0.02 0.02 0.02 1.70 1.00
-0.44 8.71 -0.02 0.02 0.02 1.71 1.00
-0.44 8.71 -0.02 0.02 0.02 1.71 1.00
-0.44 8.71 -0.02 0.02 0.02 1.71 1.00
-0.44 8.72 -0.02 0.02 0.02 1.71 1.00
-0.43 8.72 -0.02 0.02 0.02 1.72 1.00
-0.42 8.72 -0.02 0.02 0.02 1.71 1.00
-0.41 8.73 -0.02 0.02 0.02 1.70 1.00
-0.02 0.02 0.02 1.68 -0.44 8.65 1.00
-0.02 0.02 0.02 1.70 -0.44 8.66 1.00
-0.02 0.02 0.02 1.70 -0.43 8.65 1.00
-0.02 0.02 0.02 1.71 -0.42 8.65 1.00
-0.02 0.02 0.02 1.70 -0.42 8.66 1.00
-0.02 0.02 0.02 1.70 -0.42 8.68 1.00
-0.02 0.02 0.02 1.69 -0.41 8.68 1.00
-0.02 0.02 0.02 1.68 -0.41 8.69 1.00
-0.02 0.02 0.02 1.68 -0.40 8.69 1.00
-0.02 0.02 0.02 1.69 -0.41 8.69 1.00
0.02 1.72 -0.44 8.67 -0.02 0.02 1.00
0.02 1.70 -0.44 8.67 -0.02 0.02 1.00
0.02 1.72 -0.43 8.67 -0.02 0.02 1.00
0.02 1.72 -0.43 8.67 -0.02 0.02 1.00
0.02 1.72 -0.43 8.71 -0.02 0.02 1.00
0.02 1.71 -0.43 8.72 -0.02 0.02 1.00
0.02 1.70 -0.43 8.72 -0.02 0.02 1.00
0.02 1.71 -0.43 8.73 -0.02 0.02 1.00
0.02 1.70 -0.41 8.74 -0.02 0.02 1.00
0.02 1.70 -0.41 8.72 -0.02 0.02 1.00
0.02 1.70 -0.41 8.71 -0.02 0.02 1.00
0.02 1.71 -0.41 8.70 -0.02 0.02 1.00
0.02 1.72 -0.41 8.71 -0.02 0.02 1.00
0.02 1.71 -0.42 8.70 -0.02 0.02 1.00
0.02 1.70 -0.42 8.68 -0.02 0.02 1.00
0.02 1.71 -0.42 8.69 -0.02 0.02 1.00
0.02 1.71 -0.42 8.68 -0.02 0.02 1.00
0.02 1.72 -0.40 8.67 -0.02 0.02 1.00
0.02 1.71 -0.39 8.66 -0.02 0.02 1.00
0.02 1.71 -0.39 8.67 -0.02 0.02 1.00
1.70 -0.40 8.69 -0.02 0.02 0.02 1.00
1.70 -0.41 8.71 -0.02 0.02 0.02 1.00
1.70 -0.40 8.71 -0.02 0.02 0.02 1.00
1.70 -0.40 8.71 -0.02 0.02 0.02 1.00
1.70 -0.41 8.69 -0.02 0.02 0.02 1.00
1.69 -0.42 8.69 -0.02 0.02 0.02 1.00
1.69 -0.42 8.69 -0.02 0.02 0.02 1.00
1.69 -0.43 8.68 -0.02 0.02 0.02 1.00
1.69 -0.43 8.68 -0.02 0.02 0.02 1.00
1.68 -0.42 8.68 -0.02 0.02 0.02 1.00
0.02 0.02 1.71 -0.41 8.67 -0.02 1.00
0.02 0.02 1.70 -0.40 8.68 -0.02 1.00
0.02 0.02 1.69 -0.42 8.66 -0.02 1.00
0.02 0.02 1.68 -0.43 8.68 -0.02 1.00
0.03 0.02 1.69 -0.44 8.68 -0.02 1.00
0.02 0.02 1.69 -0.45 8.68 -0.02 1.00
0.02 0.02 1.71 -0.44 8.67 -0.02 1.00
0.02 0.02 1.72 -0.44 8.69 -0.02 1.00
0.02 0.02 1.72 -0.43 8.71 -0.02 1.00
0.02 0.02 1.72 -0.43 8.69 -0.02 1.00
-0.02 0.02 0.02 1.71 -0.42 8.73 1.00
-0.02 0.02 0.02 1.71 -0.44 8.73 1.00
-0.02 0.02 0.02 1.71 -0.42 8.73 1.00
-0.02 0.02 0.02 1.70 -0.42 8.72 1.00
-0.02 0.03 0.02 1.71 -0.42 8.71 1.00
-0.02 0.02 0.02 1.71 -0.41 8.70 1.00
-0.02 0.02 0.02 1.71 -0.42 8.69 1.00
-0.02 0.02 0.02 1.70 -0.42 8.70 1.00
-0.02 0.02 0.02 1.70 -0.43 8.71 1.00
-0.02 0.02 0.02 1.70 -0.43 8.71 1.00
8.73 -0.02 0.02 0.02 1.70 -0.41 1.00
8.71 -0.02 0.02 0.02 1.71 -0.41 1.00
8.71 -0.02 0.02 0.02 1.71 -0.41 1.00
8.70 -0.02 0.02 0.02 1.71 -0.41 1.00
8.69 -0.02 0.02 0.02 1.71 -0.41 1.00
8.68 -0.02 0.02 0.02 1.70 -0.40 1.00
8.67 -0.02 0.02 0.02 1.69 -0.42 1.00
8.69 -0.02 0.02 0.02 1.68 -0.42 1.00
8.69 -0.02 0.02 0.02 1.69 -0.41 1.00
8.68 -0.02 0.02 0.02 1.69 -0.42 1.00
1.72 -0.42 8.68 -0.02 0.02 0.01 1.00
1.71 -0.42 8.69 -0.02 0.02 0.02 1.00
1.71 -0.42 8.67 -0.02 0.02 0.02 1.00
1.71 -0.41 8.69 -0.02 0.02 0.02 1.00
1.70 -0.42 8.72 -0.02 0.02 0.02 1.00
1.71 -0.41 8.72 -0.02 0.02 0.02 1.00
1.71 -0.41 8.73 -0.02 0.02 0.02 1.00
1.70 -0.42 8.76 -0.02 0.02 0.02 1.00
1.70 -0.41 8.74 -0.02 0.02 0.02 1.00
1.70 -0.41 8.73 -0.02 0.03 0.02 1.00
0.02 1.69 -0.42 8.75 -0.02 0.02 1.00
0.02 1.69 -0.43 8.74 -0.02 0.02 1.00
0.02 1.70 -0.43 8.74 -0.02 0.02 1.00
0.02 1.70 -0.44 8.74 -0.02 0.02 1.00
0.02 1.70 -0.43 8.75 -0.02 0.02 1.00
0.02 1.70 -0.41 8.74 -0.02 0.03 1.00
0.02 1.71 -0.40 8.73 -0.02 0.02 1.00
0.02 1.71 -0.40 8.71 -0.02 0.02 1.00
0.02 1.71 -0.40 8.71 -0.03 0.02 1.00
0.02 1.71 -0.40 8.69 -0.03 0.02 1.00
0.02 1.70 -0.42 8.70 -0.02 0.02 1.00
0.02 1.71 -0.42 8.70 -0.02 0.02 1.00
0.02 1.71 -0.42 8.70 -0.02 0.02 1.00
0.02 1.72 -0.43 8.71 -0.02 0.02 1.00
0.02 1.71 -0.42 8.69 -0.02 0.02 1.00
0.02 1.71 -0.43 8.71 -0.02 0.02 1.00
0.02 1.70 -0.42 8.72 -0.02 0.02 1.00
0.02 1.71 -0.42 8.70 -0.02 0.02 1.00
0.02 1.71 -0.40 8.71 -0.02 0.02 1.00
0.02 1.72 -0.40 8.72 -0.02 0.02 1.00
8.67 -0.03 0.02 0.02 1.71 -0.41 1.00
8.65 -0.02 0.02 0.02 1.71 -0.41 1.00
8.65 -0.02 0.02 0.02 1.72 -0.42 1.00
8.65 -0.02 0.02 0.02 1.72 -0.42 1.00
8.65 -0.02 0.02 0.02 1.73 -0.41 1.00
8.64 -0.02 0.02 0.02 1.72 -0.42 1.00
8.66 -0.02 0.02 0.02 1.71 -0.42 1.00
8.68 -0.02 0.02 0.02 1.70 -0.43 1.00
8.69 -0.02 0.02 0.02 1.70 -0.43 1.00
8.69 -0.02 0.02 0.02 1.71 -0.42 1.00
8.69 -0.02 0.02 0.02 1.70 -0.41 1.00
8.70 -0.02 0.02 0.02 1.71 -0.42 1.00
8.69 -0.02 0.02 0.02 1.71 -0.43 1.00
8.69 -0.02 0.02 0.02 1.71 -0.43 1.00
8.69 -0.02 0.02 0.02 1.70 -0.42 1.00
8.70 -0.02 0.02 0.02 1.69 -0.43 1.00
8.70 -0.02 0.02 0.02 1.67 -0.42 1.00
8.71 -0.02 0.02 0.02 1.68 -0.43 1.00
8.71 -0.02 0.02 0.02 1.69 -0.40 1.00
8.71 -0.02 0.02 0.02 1.70 -0.40 1.00
0.02 0.02 1.70 -0.42 8.71 -0.02 1.00
0.02 0.02 1.71 -0.41 8.71 -0.02 1.00
0.02 0.02 1.69 -0.42 8.73 -0.02 1.00
0.02 0.02 1.70 -0.41 8.74 -0.02 1.00
0.02 0.02 1.71 -0.41 8.72 -0.02 1.00
0.02 0.02 1.71 -0.41 8.73 -0.02 1.00
0.02 0.02 1.70 -0.41 8.72 -0.02 1.00
0.02 0.02 1.70 -0.40 8.71 -0.02 1.00
0.02 0.01 1.69 -0.40 8.69 -0.02 1.00
0.02 0.02 1.70 -0.40 8.69 -0.02 1.00
-0.40 8.68 -0.02 0.02 0.02 1.69 1.00
-0.41 8.69 -0.02 0.02 0.02 1.71 1.00
-0.41 8.70 -0.02 0.02 0.02 1.72 1.00
-0.41 8.72 -0.02 0.02 0.02 1.72 1.00
-0.41 8.73 -0.02 0.02 0.02 1.73 1.00
-0.41 8.73 -0.02 0.02 0.02 1.72 1.00
-0.41 8.73 -0.02 0.02 0.02 1.71 1.00
-0.40 8.74 -0.02 0.02 0.02 1.70 1.00
-0.40 8.73 -0.02 0.02 0.02 1.70 1.00
-0.40 8.72 -0.02 0.02 0.02 1.70 1.00
-9.39 -0.24 -0.53 -0.02 0.02 0.01 0.00
-9.39 -0.24 -0.52 -0.02 0.02 0.02 0.00
-9.39 -0.24 -0.52 -0.02 0.02 0.02 0.00
-9.39 -0.24 -0.51 -0.02 0.02 0.02 0.00
-9.39 -0.24 -0.51 -0.02 0.02 0.02 0.00
-9.39 -0.24 -0.53 -0.02 0.02 0.02 0.00
-9.39 -0.25 -0.53 -0.02 0.02 0.02 0.00
-9.38 -0.25 -0.53 -0.02 0.02 0.02 0.00
-9.39 -0.25 -0.54 -0.02 0.02 0.02 0.00
-9.39 -0.25 -0.52 -0.02 0.02 0.02 0.00
-0.54 -0.02 0.02 0.02 -9.38 -0.25 0.00
-0.54 -0.02 0.02 0.02 -9.39 -0.25 0.00
-0.54 -0.02 0.02 0.02 -9.40 -0.26 0.00
-0.55 -0.02 0.02 0.02 -9.40 -0.27 0.00
-0.57 -0.02 0.02 0.02 -9.41 -0.27 0.00
-0.55 -0.02 0.02 0.02 -9.40 -0.26 0.00
-0.54 -0.02 0.02 0.02 -9.40 -0.27 0.00
-0.54 -0.02 0.02 0.02 -9.40 -0.27 0.00
-0.52 -0.02 0.02 0.02 -9.38 -0.27 0.00
-0.50 -0.02 0.02 0.02 -9.37 -0.27 0.00
-0.25 -0.55 -0.02 0.02 0.02 -9.39 0.00
-0.25 -0.56 -0.02 0.02 0.02 -9.39 0.00
-0.24 -0.54 -0.02 0.02 0.02 -9.38 0.00
-0.25 -0.54 -0.02 0.02 0.02 -9.38 0.00
-0.24 -0.52 -0.02 0.02 0.02 -9.38 0.00
-0.24 -0.50 -0.02 0.02 0.01 -9.37 0.00
-0.24 -0.51 -0.02 0.02 0.01 -9.39 0.00
-0.25 -0.52 -0.02 0.02 0.02 -9.40 0.00
-0.25 -0.52 -0.02 0.02 0.02 -9.40 0.00
-0.25 -0.50 -0.02 0.02 0.02 -9.41 0.00
0.02 0.02 -9.38 -0.24 -0.49 -0.02 0.00
0.02 0.02 -9.38 -0.25 -0.50 -0.02 0.00
0.02 0.02 -9.37 -0.26 -0.51 -0.02 0.00
0.02 0.02 -9.37 -0.26 -0.52 -0.02 0.00
0.02 0.02 -9.38 -0.25 -0.52 -0.02 0.00
0.02 0.02 -9.39 -0.25 -0.56 -0.02 0.00
0.02 0.02 -9.39 -0.24 -0.57 -0.02 0.00
0.02 0.01 -9.39 -0.25 -0.56 -0.02 0.00
0.02 0.01 -9.39 -0.24 -0.54 -0.02 0.00
0.02 0.02 -9.39 -0.24 -0.54 -0.02 0.00
-9.39 -0.26 -0.52 -0.02 0.02 0.02 0.00
-9.40 -0.28 -0.52 -0.02 0.02 0.02 0.00
-9.41 -0.27 -0.54 -0.02 0.02 0.02 0.00
-9.39 -0.27 -0.54 -0.02 0.02 0.02 0.00
-9.41 -0.26 -0.54 -0.02 0.02 0.02 0.00
-9.40 -0.27 -0.54 -0.02 0.02 0.02 0.00
-9.41 -0.27 -0.54 -0.02 0.02 0.02 0.00
-9.41 -0.27 -0.52 -0.02 0.02 0.02 0.00
-9.42 -0.27 -0.53 -0.02 0.02 0.02 0.00
-9.41 -0.27 -0.54 -0.02 0.02 0.02 0.00
-0.55 -0.02 0.02 0.02 -9.38 -0.24 0.00
-0.55 -0.02 0.02 0.02 -9.38 -0.24 0.00
-0.54 -0.02 0.02 0.02 -9.39 -0.23 0.00
-0.53 -0.02 0.02 0.02 -9.39 -0.23 0.00
-0.53 -0.02 0.02 0.02 -9.39 -0.22 0.00
-0.55 -0.02 0.02 0.02 -9.39 -0.23 0.00
-0.51 -0.02 0.02 0.02 -9.38 -0.24 0.00
-0.49 -0.02 0.02 0.02 -9.37 -0.23 0.00
-0.51 -0.02 0.02 0.02 -9.37 -0.25 0.00
-0.51 -0.02 0.02 0.02 -9.38 -0.26 0.00
0.02 0.02 -9.41 -0.26 -0.53 -0.02 0.00
0.02 0.02 -9.39 -0.26 -0.54 -0.02 0.00
0.02 0.02 -9.39 -0.26 -0.53 -0.02 0.00
0.02 0.02 -9.39 -0.26 -0.53 -0.02 0.00
0.02 0.02 -9.39 -0.25 -0.55 -0.02 0.00
0.02 0.02 -9.37 -0.25 -0.55 -0.02 0.00
0.02 0.02 -9.37 -0.24 -0.53 -0.02 0.00
0.02 0.02 -9.39 -0.24 -0.53 -0.02 0.00
0.02 0.02 -9.39 -0.24 -0.52 -0.02 0.00
0.02 0.02 -9.40 -0.25 -0.52 -0.02 0.00
-0.02 0.02 0.02 -9.40 -0.25 -0.55 0.00
-0.02 0.02 0.01 -9.40 -0.25 -0.54 0.00
-0.02 0.02 0.02 -9.42 -0.24 -0.55 0.00
-0.02 0.02 0.02 -9.42 -0.24 -0.55 0.00
-0.02 0.02 0.02 -9.40 -0.24 -0.56 0.00
-0.02 0.02 0.02 -9.40 -0.24 -0.56 0.00
-0.02 0.02 0.02 -9.41 -0.24 -0.56 0.00
-0.02 0.02 0.02 -9.40 -0.24 -0.55 0.00
-0.02 0.02 0.02 -9.41 -0.25 -0.55 0.00
-0.02 0.02 0.02 -9.41 -0.25 -0.55 0.00
-9.39 -0.27 -0.53 -0.02 0.02 0.02 0.00
-9.38 -0.26 -0.54 -0.02 0.02 0.02 0.00
-9.38 -0.25 -0.54 -0.02 0.02 0.02 0.00
-9.38 -0.24 -0.54 -0.02 0.02 0.02 0.00
-9.38 -0.25 -0.54 -0.02 0.02 0.02 0.00
-9.38 -0.25 -0.54 -0.02 0.02 0.02 0.00
-9.37 -0.23 -0.54 -0.02 0.02 0.02 0.00
-9.36 -0.24 -0.54 -0.02 0.02 0.02 0.00
-9.39 -0.24 -0.55 -0.02 0.02 0.02 0.00
-9.39 -0.23 -0.54 -0.02 0.02 0.02 0.00
